"x" "y" "z" "w"
"1" 3.71615914179401 4.35859430804126 1.07098918749561 2.51799108533012
"2" 1.80177166492703 4.23096392903449 0.762042403352724 2.25164246417164
"3" 5.59958824194179 3.39463567638208 1.24020081609090 2.02291353335274
"4" 3.47095679856824 8.6181538170541 3.95265798614802 1.62771296771403
"5" 4.77810281340163 6.73547526816408 2.04173769696642 2.28674270209621
"6" 2.19870804693392 -0.167634892024989 -0.390012016470851 0.151756501370444
"7" 3.99981711084309 4.30711357530754 1.11361277319771 2.22180540261431
"8" 4.35386693093241 3.72816592936432 0.285321784533978 1.64951733228937
"9" 4.64526689017087 4.33525083908475 1.95216014806844 1.66443964578617
"10" 4.73053746113073 8.53961668904053 2.48258267231626 3.09477453157725
"11" 4.85703405780813 4.25962884278032 0.882555897196136 2.55445292307242
"12" 4.4671334362838 6.49401352277825 2.69681058957847 1.67749152644714
"13" 2.89075506837515 0.99030944237529 0.471005502599363 1.79997704572298
"14" 4.00508114411123 4.75894738147348 1.30989181323700 1.2144327844726
"15" 3.96224605079971 0.396714861355249 -1.53915012165057 3.69097478333875
"16" 4.68517890080485 3.86283762230358 0.992753513397864 0.977303527961027
"17" 3.99738164730798 4.02399716355438 0.926018615016754 2.05635654754990
"18" 2.98754584094988 1.90769610868351 0.473367852531716 1.52337574529288
"19" 5.08737934867865 5.54624174250119 2.11691109996103 1.88264704336824
"20" 3.66477820505441 0.495520580898041 -0.229567299961442 0.466570739055884
"21" 5.42877071290168 9.31412273715227 3.85924772363853 0.69235434130596
"22" 5.06673007029686 5.08995725228529 1.63171589009217 2.66320367303263
"23" 3.43296251518534 4.84530546883082 1.01749387811338 3.25471511976935
"24" 3.33821910912725 1.29681066517478 0.311715453408532 1.45690522888289
"25" 2.09258425928183 7.4324059508287 1.02831286525285 4.54165935065330
"26" 4.78182149806103 6.00591796286125 2.83335488442320 1.20953907403356
"27" 3.17202684946047 4.09667620927599 0.309602844902623 2.51585744996508
"28" 2.89662667932866 3.77026100506628 1.40038187664586 1.15416100299204
"29" 3.74425808243918 3.11011589647623 1.25089077731949 0.420096229429628
"30" 3.30082429267953 4.28279892315928 0.308920461480342 3.13797611537767
"31" 3.77111472705322 -0.333281464759203 -1.32610621534079 1.03467563118487
"32" 6.50449784408532 9.62702299840296 2.64388807126955 3.77225707542199
"33" 4.78836205434978 5.6884552532232 2.67069019919890 1.38516197333894
"34" 5.26928588136476 6.82045996412739 3.10304821850556 2.11395838517718
"35" 1.40170984937964 2.33135842492487 0.27782732998442 1.13178800684934
"36" 3.45141863539485 4.91610344923631 1.02207254305077 2.40052752188994
"37" 3.45904083199036 3.94243674358628 0.560620442027298 2.54383651238903
"38" 5.52704408656333 5.79471875035958 0.873790715625452 3.08737852835455
"39" 3.50048288630074 5.49176567727008 1.40842047961541 2.32370228227251
"40" 4.22683214482563 4.64988616688314 1.00054484452362 1.95445735590191
"41" 4.90344105545306 6.13228465857729 2.67910670895611 1.57849335743255
"42" 3.26010427288127 3.72677404824962 0.348548551885461 1.83465518535338
"43" 5.88224917587982 8.36204847515442 2.92505913795977 1.92381274415382
"44" 2.52584160380306 3.62936949228218 0.434481069622328 2.5962444112091
"45" 2.32949226153550 2.67738439605499 1.10585493075486 1.43061010729415
"46" 5.25692852620567 5.7469060504185 0.676543290909659 4.31130061886924
"47" 5.60632903108493 5.526662607574 2.20648624147668 1.59420981220359
"48" 5.25528059250889 7.3851116245984 2.71447419794343 1.38117144626565
"49" 5.57175242058546 7.43257769360245 2.11928886324584 2.58010055281712
"50" 3.13166940543143 4.02267632456091 0.827248997569688 1.68636610440100
"51" 2.79272990617766 2.34987369149135 0.4580795584047 0.876519947577343
"52" 4.33358520435947 5.50975604157359 2.06180329607940 1.48289691021962
"53" 4.06323596757271 2.14236738286912 0.775742805945906 1.60132011720349
"54" 6.16908296177931 6.13948953798166 1.60922579162012 2.64170672335582
"55" 3.55865736942734 5.96367702925387 2.23469940973811 2.09632262124416
"56" 3.30347885851099 3.48074748597388 0.231627864407479 3.39432006508046
"57" 3.23652603151115 5.41516341050605 1.58444147667232 1.58286697742352
"58" 5.45781314674749 3.5128055726941 0.66894771808425 2.97679620662714
"59" 4.82743734370987 5.13617194895009 -0.352306758321366 4.09075778655941
"60" 3.49676282118410 4.26792080841014 1.41116876856394 1.62289054353739
"61" 3.20825859712232 2.81333252112096 1.21104619479963 0.476715292818443
"62" 3.05179294501737 2.49853545950855 0.396342702112507 1.50109760386862
"63" 1.76861088873693 0.544329467177068 -0.249421175864747 0.832975349594501
"64" 2.46402538843773 2.99742645507623 0.425257725119555 0.248010402436813
"65" 4.42211857725293 5.60960379643082 1.08935448648767 2.88734136271184
"66" 4.33240933897987 1.77852479262544 0.277764002967348 2.32423962375351
"67" 2.44184836409334 5.56394515006863 1.92092295667519 1.45165349368943
"68" 5.50956987770163 3.94332286840887 0.803343391176112 2.03533955880233
"69" 4.47533585397713 2.12029709638666 0.415744464273855 0.817022189774753
"70" 2.02549128139095 1.38045384291211 -0.362902703567532 1.53426763997994
"71" 5.10627691558296 5.58616912901799 1.28691453330460 2.98843002370904
"72" 4.0715020968526 5.39919380311425 0.923386997030452 2.99853723039072
"73" 5.85663077336057 1.45263631326913 -0.0522398816445226 3.10527980169756
"74" 2.37288703359869 -0.744421768850365 0.0152261269900765 1.78290887657477
"75" 3.61757922383578 1.51987724376753 0.8356106124857 1.28162163708413
"76" 3.20938352307994 5.43654305953263 1.20856570836359 1.75298895161101
"77" 5.05023004158211 2.72000830970409 -0.141985283566515 3.18381145960192
"78" 4.96854071807257 3.38210820076257 0.426631489252915 1.53685450182864
"79" 3.41086683714577 0.392533963507112 -0.753596836554153 0.568206095191386
"80" 5.48391048747162 6.0868598330643 0.641518796401855 3.17035077088644
"81" 3.23915818091907 5.90238072618855 1.61228730938967 3.61145741027403
"82" 4.85810289620421 6.46825149025614 1.90804379282467 2.64601911049739
"83" 2.90780956549102 -1.42288675355749 -0.846857714199794 2.00515341433764
"84" 3.20797370847384 2.15882503659224 0.561788615584947 1.46035915983856
"85" 2.50302371398955 3.13137966589049 1.23343739401537 0.504179553173768
"86" 6.25905039599215 10.5532723133943 2.87292294299141 2.91828386957426
"87" 4.1874552192658 2.70760807043470 -0.506759652798596 2.40720741028235
"88" 3.46835416620872 4.41410318277622 2.55565162523181 0.281884999870111
"89" 3.77611080419632 2.83367755780077 1.00931194093442 2.01456075785022
"90" 2.97460058485861 0.237757682668300 0.0981617425430942 1.02342330791483
"91" 4.82500351637598 5.74625767107433 1.62914270275037 2.01231388470952
"92" 5.67119229798911 8.60631084227975 2.21325003202906 2.89476840490548
"93" 5.41379686350374 6.05080935878345 2.55297759667292 1.10628269149789
"94" 3.82412011530928 3.58042833240036 0.658449723516865 3.0663263384299
"95" 3.27868506500213 5.24390911153498 1.25949733112590 2.54152518521019
"96" 4.73205857401403 -1.7945349974743 -1.19642826628175 1.77687202562009
"97" 6.37525255895724 7.15469574143707 2.16780510492807 1.74282901075297
"98" 4.49755132113336 2.11341666279551 0.0449685257613103 1.92009480244844
"99" 2.07847385422831 0.142839933420625 -0.465712767616776 2.11202125672058
"100" 5.89134148175274 8.01709924462328 1.88241631421373 3.82112064662897
"101" 4.58186886090116 1.96542731789953 1.25449389458742 0.498206906373035
"102" 4.76977313461426 5.58811382924074 1.41991494766724 3.77506937910093
"103" 4.77831563348282 2.51035954044255 0.131508557725237 3.23632574654641
"104" 3.87387743053014 1.13322952367144 0.313629386127433 1.50659956836841
"105" 3.30387475222345 1.29305977509124 0.705648404986975 1.5986289431804
"106" 4.39197906133121 3.18038999359822 1.95513241338727 -1.25205095221716
"107" 4.11072988399857 6.76754556273664 2.20091662040098 2.5355911740985
"108" 3.28584821704357 4.36676006128382 0.460895852420813 1.55654725663711
"109" 2.1239618503298 1.86075828820579 1.21665279383634 -0.328931052859470
"110" 4.12929391921620 2.90543684164895 1.05548188904669 0.615424193310719
"111" 3.52655247753967 7.09446044264676 1.65593407762696 3.11951580723016
"112" 0.921768717628983 -1.06522146348455 -0.756060127676916 2.10602712994035
"113" 3.77902099433708 6.04873567351258 2.41409098180660 2.89710475274938
"114" 3.03131536316627 4.52485815716375 1.47492377177028 2.01773470476397
"115" 3.14033840526321 -0.440748697307085 -0.0755960407654279 1.00351638953114
"116" 2.09744427927502 0.422657617008812 -0.760603148649991 3.3029700600048
"117" 6.39836634467899 6.97764506103086 2.15191327304597 2.31517632613188
"118" 2.96262795690183 5.78209452134749 1.12988321123838 2.48064133864398
"119" 3.76497190544292 4.1838651860982 1.85749593353045 1.01963918490246
"120" 4.94882657893315 6.29805915615415 1.27253086838112 3.17650109886650
"121" 5.47930964678306 5.79748256487833 1.65252760973402 2.17112577859251
"122" 3.561246223037 5.19279426072442 2.39442916708943 1.56637657907321
"123" 3.4408071833244 11.5648887462683 3.4008214212791 3.90001970278897
"124" 1.45203889232146 0.070828816157821 0.202487761605934 1.27836799291702
"125" 6.50473364367457 4.53634798974954 1.47254353815733 1.85355082620640
"126" 5.18611478170405 4.18427754003417 0.962228591374997 1.89068385966457
"127" 3.89713838935102 1.96216586646635 -0.344022719043905 3.01712361493457
"128" 5.64978729128916 7.46722999673334 2.82372427183853 1.55327826943566
"129" 4.68120152151152 4.30044459670405 1.43246704438842 1.62241618356831
"130" 4.30560764989622 3.85151171060262 1.08291578828264 3.04564941331294
"131" 5.17484927132786 3.04885990446714 0.669921917991435 1.85044527271299
"132" 4.68655936712159 4.41927638274316 1.26024966282516 1.71587435317781
"133" 4.13627602116121 4.28563937026145 0.239550206236569 3.52458071855936
"134" 1.52080519306461 -2.59205645509449 -1.75625489685661 1.59939314918269
"135" 3.20532266709561 1.17956261911503 -0.997654822361528 2.62703633215543
"136" 4.1989269479375 4.26830386139578 0.858473343146223 2.61670059539556
"137" 5.25358426581114 5.94028312229973 2.55052797113756 1.23102325820526
"138" 3.40839558393969 9.03268704416362 3.35812643631654 2.66467235291019
"139" 4.56372685294731 5.36597758149318 1.34368099401693 2.45267248640276
"140" 3.10396893015249 2.4345089423966 -0.376020531149657 2.49791281703362
"141" 4.58542185139241 6.96027997481444 1.45655595173837 3.09847331680391
"142" 3.62135108506791 7.42100132957445 2.49048177327202 1.94765155144770
"143" 3.40439789378357 4.20441679574963 0.900303110710098 2.25248599748876
"144" 2.77396677996629 2.47506253441642 1.14586208979446 1.11289695110042
"145" 3.97203940316922 5.07004264544718 1.48530358817437 0.100485200736946
"146" 6.63804776627801 6.72757518476357 1.05891835757583 2.20961291331027
"147" 2.96652931980393 -1.16048863326465 -0.923824264698085 0.987441154212111
"148" 4.42718792250614 3.99661003541077 1.93675862317322 1.02790108155446
"149" 2.65535725872271 3.05975965548967 0.0542029528203645 3.52697521375276
"150" 4.28691952761664 -0.102262427178684 0.609741301522389 -0.668261583493084
"151" 3.15443903303342 5.83899473074593 0.970636087866956 2.97139521310629
"152" 4.4310191694762 5.99263816124175 1.3580323850277 3.3304897201343
"153" 3.09961461004073 3.21449688726502 -0.575375999160581 2.86571127881318
"154" 4.9340926800955 5.67344851363676 1.86803817944454 0.632306435720306
"155" 4.64029405908126 11.0408317181747 2.15360284919580 3.20721761336579
"156" 3.99434254371716 3.64506030213657 0.0956942953236675 2.76716130788441
"157" 3.52240253822881 2.931715863907 -0.174133496557469 3.14835625130636
"158" 4.6840007876031 3.36473126858532 0.382475443246249 1.45131156029657
"159" 3.89291591701738 4.9289028193881 1.2783645767854 2.72065384507013
"160" 4.3966219548432 4.03556573479286 1.12074518945309 1.28477462131369
"161" 5.16746165253815 3.50614639012918 -0.186924752720542 1.75991589954443
"162" 3.45520437206427 5.32874035237916 1.03935357769362 3.07269141491182
"163" 2.29820884002225 0.237505407019817 -0.666332546352862 1.12469275026694
"164" 3.95762784913964 3.89033748934032 0.614771085192475 2.18684423405709
"165" 3.02483356329163 7.1196453509937 1.80705053657779 1.73788207705173
"166" 4.88976649571266 4.36897896856022 1.87413582139951 2.00168474772124
"167" 3.78796397570471 5.05658237779354 1.04109006237593 2.52447183703579
"168" 2.81680397347619 3.24214404591585 0.099420575221434 1.5419552395797
"169" 5.83226081816237 5.08074361366691 1.82518228675822 0.802126016273509
"170" 4.5409105579339 3.67527198084233 0.913851666072083 2.66983483408231
"171" 3.5920378725505 4.39979036875616 1.6956685096565 2.47787748530524
"172" 3.93883436113728 4.85030280504308 1.82773164971378 2.57598343592768
"173" 3.06249513335904 1.14623286136624 0.945329952340846 1.66160546236948
"174" 4.64483098430367 4.76451244483855 1.32800446515938 1.37367029171937
"175" 1.56784234861339 3.13141781260968 1.76525612246757 1.70751180606753
"176" 5.90878253899106 6.69400850788357 0.72575347276659 3.93845011695167
"177" 7.06387327152878 6.35907367160316 1.45255430089961 3.30651361341962
"178" 4.29621013793985 8.42779568497463 2.42582520332985 3.40758700364094
"179" 3.54476749442172 5.36066363024635 0.401950044117129 1.96157431893576
"180" 7.12172008314424 5.83122221475465 1.41293220335958 2.26489010911521
"181" 3.57379008315973 5.09250840204579 1.34854569585347 2.25390079341459
"182" 3.58274187198913 7.95484313305876 2.37740669021003 3.62033258748439
"183" 3.30042718969048 -1.21273395583310 -1.18487846758132 1.00799635460334
"184" 3.22429257117821 3.92704005556109 1.76003142360997 1.80947485470488
"185" 3.93628440572063 2.8473179223964 0.619083294872769 1.90068529065085
"186" 3.01371222161080 3.63771535220915 0.962436286790686 1.99541269650936
"187" 4.61976437576782 4.93592905910266 1.01906834966414 1.95860499872034
"188" 5.27150633689782 7.88939548184293 2.36978560530432 1.89122822114636
"189" 4.39461431811954 4.83838078800690 1.98097856367104 0.95223404044849
"190" 3.84129089682819 3.15131171724938 0.854069630227789 0.994853187661463
"191" 3.08720215007472 4.0443785987092 1.36353554976531 0.673333816454137
"192" 3.9137250437349 2.56749065069224 0.555747801729003 1.72921123268949
"193" 3.81711432639279 4.6469381721725 1.36284535904313 2.51412950685772
"194" 2.81804090318085 2.35760391109908 -0.202694233971022 1.98995107564594
"195" 5.50696979658366 5.59158520892294 1.57895757838716 2.29540659573179
"196" 4.48144200634178 10.2240992997077 1.88891435216244 3.3840664914259
"197" 4.4349348783608 6.82861179381294 1.34762967204095 4.45263031503687
"198" 4.69716134126613 3.52585619859079 0.215634578234016 2.87275026672571
"199" 3.15207779834323 3.15802889864965 0.800465971528991 0.168230026247086
"200" 5.19047039551064 6.9809288418247 1.93689556087305 2.07231656826439
"201" 2.80612795986087 3.80433910206712 2.04727302684123 0.219300774872348
"202" 2.88595316842377 6.4546922464406 2.31301788454009 1.81542246413719
"203" 2.91721322051875 4.80462830467062 1.52812976895177 1.69061293136240
"204" 1.90297110623199 3.35790912036631 1.04872926842907 1.33809846290601
"205" 4.48885583959391 6.08313580369331 1.91412701185485 2.19630010358582
"206" 3.15345016667634 0.366344383411919 -0.71783116956912 2.15590820325916
"207" 4.10388861365518 1.81278224073449 0.451314423969869 0.502932946116576
"208" 4.97176668771992 6.33029374412016 2.48130872269963 1.71964662787847
"209" 2.89218139587887 4.60262815106828 0.208421608566234 2.70442143960505
"210" 5.25214788356546 1.96139511335097 0.0838787633496554 1.63532210383457
"211" 4.73428212190181 3.19435391867781 1.99880215722222 -0.0925408370708323
"212" 4.44501894303088 2.66104678567214 1.30931318459066 -0.427929794615246
"213" 2.66080208315759 1.08913599573087 0.381393142089260 2.61094084614539
"214" 3.12975419425405 1.46719905622117 0.0433388653408289 1.91187373716040
"215" 4.7195267645663 4.22978538804527 1.10696983603566 0.745538825783904
"216" 3.64536955662149 4.35388731759958 1.62449036966113 1.96400409390444
"217" 4.36790801248680 3.17186383651749 0.622288147583437 2.40134764119502
"218" 5.05848093659048 3.18613771126137 0.299854098298853 2.54203745962349
"219" 2.81521512590655 4.30971599079601 1.5321600045668 1.02421535875542
"220" 5.30741856002522 3.05062094734489 -0.105889975925488 2.46081199582676
"221" 2.85798930335905 6.68836192085926 1.87771984975892 2.58997655370096
"222" 3.51483652726591 2.87055170125756 1.80111327357543 0.274006976861227
"223" 4.07723442587221 3.72760892411222 0.807450297436426 2.00393704202126
"224" 4.15864830753049 4.63006179984344 1.29459851933835 1.94466245919669
"225" 4.11776961005069 5.47024478065346 1.68569372629817 2.56970909049725
"226" 4.75852930347518 6.08691067180384 0.816877914293161 3.38522962673618
"227" 3.88460031243678 6.5768377235696 3.2256517471923 0.777735560653206
"228" 4.77715673495271 7.81783749202723 2.33621788273499 1.81746426407902
"229" 6.85140314354402 6.27915203237005 1.96057196374387 2.94814138659251
"230" 7.23013928538779 2.26629660130342 -0.124251458331534 2.41699762298872
"231" 5.387238470773 3.90466803188443 0.525517054737025 1.84670833925851
"232" 3.25489353235054 1.77813448036206 -0.102474757028795 1.69794466900270
"233" 4.90572248388193 8.60682118336358 1.64911468942475 4.68584469536692
"234" 3.50892051684976 5.12947625468715 0.448088080456855 3.26064654738342
"235" 4.15624280559926 3.79816323847368 0.472762590416982 2.64277067829514
"236" 4.42552788817866 3.18102659900167 0.465152461427498 1.76696571664429
"237" 1.96029881825511 1.71616042474362 -0.0864444977986143 1.48049460721356
"238" 4.93031491701279 3.66090081446007 1.36428968120787 1.16975018016420
"239" 3.08744372536897 4.70748066125443 1.41977144371125 2.0689957153767
"240" 3.81438652060301 6.82133291776431 2.33233469340057 1.22882792134574
"241" 2.33149380855413 0.121656906491374 -0.362131282180806 1.68687858598627
"242" 5.71626395940065 7.87974472531311 2.93062327478341 1.96947857816205
"243" 3.34725664977319 3.49377996755887 0.686440797075142 0.744305662099129
"244" 2.98129571287412 4.13729521836488 0.391265640314712 1.74635038974494
"245" 3.31089881074211 2.33144894198933 0.350652074404066 1.97206929989001
"246" 2.89534233867498 1.57023575425134 -0.583219166326076 1.11853291481487
"247" 2.69268654022845 1.39454139646926 0.504538923481964 1.42240859380064
"248" 3.05596599067033 1.77041456127958 0.385681517053585 0.411768396504795
"249" 4.16848615201777 7.46270462041938 1.79846785051549 3.56116201510739
"250" 4.25294625382587 2.83745628827546 -0.623144034500147 3.43173640980067
"251" 0.616205421706737 3.68203172591979 0.693585701227358 1.64289002913239
"252" 3.83816665958199 3.47231660324189 1.13961839338524 1.22679056727557
"253" 2.07949569487441 1.7686331167845 -0.356425707929845 1.58251814514136
"254" 6.22699346972313 6.52784001955942 1.52720193865729 2.58489157057303
"255" 2.55232298355821 3.96326215651483 1.14894468122195 2.37560518415918
"256" 4.55260709434898 4.17786462808311 0.828279517112628 1.18887792817495
"257" 3.63334125186636 1.81813296766878 0.228009043839693 2.55804386813088
"258" 2.87264592548729 2.75127052864815 0.209000482922769 1.86670681529848
"259" 4.94509503537533 2.95692267633966 0.264454906088878 2.55302124792888
"260" 2.15644320989326 3.75368402768837 0.0447208674979044 4.0126448933401
"261" 0.345763960668005 -1.09188389488348 0.10160293798405 0.290353985695259
"262" 4.48742944303261 4.04308022987458 1.13428971860440 2.28916317437301
"263" 4.41675770874664 2.94685289600412 0.523898400151439 1.43907244260351
"264" 4.67643021217884 5.72011153902509 2.25728196695179 2.36880394587867
"265" 1.72401484291840 -0.043743561063165 0.105932391362795 -0.74629909148758
"266" 3.48044570023141 1.99558761885022 -0.143296211946728 1.11606796853625
"267" 3.27288353628594 1.73357645244185 1.00730553297777 0.300741843356551
"268" 4.70023148994017 6.94867971748545 1.88012864512042 2.77904309113936
"269" 4.02548819498476 3.67430099857748 0.810417841766385 3.71260733158839
"270" 4.64665150592400 9.09016407645359 2.70075813214328 2.71645311171415
"271" 5.45431324135149 5.30673558184823 1.69155241821586 1.48956020219986
"272" 4.03177284798246 1.99591125404495 0.0247416454363502 3.63472077009219
"273" 3.98657332062301 6.11715311461058 2.02049676838979 2.48381766539441
"274" 2.94647029718143 2.6923649586834 0.605393033132711 1.64165601826807
"275" 4.36324893447101 3.49890125079317 0.955710423301131 0.60955987537274
"276" 5.09482068290347 3.16027364056615 0.222938097951893 2.69337999152421
"277" 4.76935795562888 0.802750801062625 -0.284186277492935 1.34131115539807
"278" 4.02013352348981 3.58290660049825 1.06641985928385 2.34339590380756
"279" 3.66707958531584 5.3211419838776 1.35979370412554 2.31207675851184
"280" 3.99605847526415 6.10301222818634 2.02758307620288 1.86169083814447
"281" 3.20953784018505 4.98472520556843 1.16006686231022 3.06564235293307
"282" 5.12660073109002 8.26802949301403 2.28937602431809 2.43661183235334
"283" 4.31018815049126 5.96211940901356 1.46771732247535 4.38220612672893
"284" 5.32220045687783 6.24815840161624 1.62906688965274 0.792977187616793
"285" 4.81080587811191 3.74935779771088 0.669598420762249 1.29368040186278
"286" 2.53421264240281 2.59601340604715 1.06130529137760 1.65498996456991
"287" 2.22705119651146 3.97748265840884 1.23692738634178 2.35158146356187
"288" 4.71237946752689 5.19617035000454 -0.200519260192732 1.95196764213090
"289" 5.10039997885926 5.04501322374215 1.74611394850550 1.02835482904410
"290" 6.79241002291096 7.20867379675562 3.67871722652344 1.00218225279924
"291" 6.7023676490085 5.86052906556479 1.66269683610542 3.80593168204067
"292" 2.85366899332361 -0.4183229599283 -0.782159707082858 0.707890888925406
"293" 3.40750494759118 1.88421855913983 0.647661572217631 1.4621899193489
"294" 3.08256334266395 7.73084436476113 1.84952512293770 2.86980666605274
"295" 3.24699537389174 0.860283697698072 0.399813858468253 1.43688981313324
"296" 3.53909457291691 4.37304099357936 0.422959980289588 2.55871730146204
"297" 3.78253718539785 0.871474034751238 -0.49393233743278 1.49289332434936
"298" 3.73451728436026 5.79041445145181 1.41855495304591 1.99629675643153
"299" 3.02194629573203 1.43536533414094 -0.393897681799251 1.51576417950489
"300" 4.83926663744887 6.69949439367677 1.68224358718665 2.72763895024460
"301" 4.5882005914059 2.62670338214664 0.71889189605728 1.92948651420265
"302" 4.30642126851623 4.31539591644334 1.26369256359932 2.66253635783029
"303" 4.67371367870527 7.30789255024787 2.3120614778823 3.16494864797617
"304" 4.82561743884567 4.1627960051768 2.00317611153546 1.33470117401105
"305" 4.64067107966778 6.4735504195821 1.05993858107967 3.22593371379086
"306" 3.45161851414274 1.67600894282510 -0.227017701789565 2.27628312599073
"307" 4.26157764372941 2.42923007558182 -0.190908301666927 2.82170095137432
"308" 3.9676206685323 6.28405734372555 1.52565782880041 3.77641055620905
"309" 2.1089537856109 1.11311597601037 0.386756765640774 0.765433251259231
"310" 3.94389521925017 3.00094814497406 0.222545583231290 1.93495585489418
"311" 4.62574913486565 3.97453700161822 0.581126048230433 2.35968255826931
"312" 1.18618201603782 2.9161118707837 -0.203468346824025 2.97847519443594
"313" 4.6216648419578 4.97017882198968 2.18069592138394 1.77324720659936
"314" 4.665462901647 4.19699669390036 1.37255327990787 1.56164158067244
"315" 4.98438264598479 6.32691979730688 1.45734661794832 2.78709904804639
"316" 3.32039350099866 1.08158883101212 -1.58219333348228 2.50307341730989
"317" 6.17120912604502 2.35383897764162 0.230037809858158 1.16545691645434
"318" 3.66165427025211 6.4851066950948 1.16910638375222 3.12866988556209
"319" 4.03653716532358 6.25023584501021 1.21635838498361 2.41757792852019
"320" 4.71271423060755 5.53638734803746 1.57503229958170 2.41424638140434
"321" 2.87260093439133 6.66114562928038 2.25841446685997 1.94001709281863
"322" 3.84205782827955 3.41881157193079 0.356555468246759 2.62488377195769
"323" 5.4502050930162 2.59930587684439 1.16790954316605 0.424435036174535
"324" 3.48078708129476 6.40463057367965 1.94539026006534 3.37021438330286
"325" 4.16450901501601 4.97919887129662 1.70524634287072 2.91558424690674
"326" 4.35873931725776 5.31420821838401 2.311810807963 1.68366046577343
"327" 4.23137793092356 4.97011030669376 1.25443837750241 2.83621035149334
"328" 4.08131445267747 6.46051228143054 1.46976653120508 3.28320509007671
"329" 7.48494079662826 5.61292590557462 2.08475956831283 0.857719822649149
"330" 4.78302493525644 3.93311963707309 1.51451114838971 3.01281093563332
"331" 2.82008555635278 1.60090867727191 0.7483168531989 -0.522037626621464
"332" 4.08776938961272 2.58216131537941 0.628963968828559 1.8948303305895
"333" 5.93890195194308 6.21471831797173 0.94678845164237 2.49870690968681
"334" 3.48351360314625 3.57465364668634 1.44720065721194 0.670605053441508
"335" 3.16817637316024 4.50569218767811 1.46565635322313 2.56903596481419
"336" 6.5109601178238 3.47638283500078 1.42343640691558 0.799338007900584
"337" 2.03195434397352 1.44809362871313 -0.828355785270393 2.65348827055772
"338" 4.98160290278279 3.91935029846827 0.716639622462752 2.97378864540862
"339" 5.1694053653433 2.56634471823947 -0.306382512536618 2.75006231123267
"340" 0.684786012878794 3.92709469076336 2.03566818334104 0.598894780059973
"341" 3.15664458341756 0.0987398486044363 -0.547811552642162 1.63447815335368
"342" 2.77104614969022 2.94230355576683 0.0748206349405637 2.62373117819955
"343" 3.27293950908987 3.96874770068211 0.920807846947619 1.7268170821169
"344" 3.74575819177458 2.3298666497688 1.67583713818919 -0.715822117529961
"345" 2.52671966458263 -0.518352139442601 -0.425577594701106 1.48730020007743
"346" 3.23688429188346 4.37530450722058 -0.0957606262018984 2.91551283217258
"347" 3.79249870785369 5.16880798981229 0.898432749878234 3.07910125399368
"348" 2.97290775847442 2.81985579515939 0.157645620881949 3.47090888390118
"349" 1.93114491820475 4.19700771574294 0.70451584605442 2.29354006748654
"350" 4.67965077645613 5.64455348754704 2.829274399603 0.96533287613142
"351" 3.71857062817506 0.989211013550348 0.130596657416446 1.39114710166094
"352" 3.86846090014608 1.00767805944642 -0.082364114173783 1.22362440006100
"353" 4.64652289368637 5.20596709458985 2.03802844950628 2.37524885649462
"354" 1.83985819680664 3.85965329556168 1.41258372126724 1.59056027389115
"355" 3.74918460196137 3.16179627217434 1.56960974913438 0.380323514149651
"356" 2.54861505336980 -0.165239108116611 -0.182393588462483 1.93982328701406
"357" 1.9947107710005 0.532336283398569 0.110047152116123 1.40261752541594
"358" 4.8320094858181 4.14699077555579 0.944217034756963 1.91971928502511
"359" 3.63120386699785 3.71918182099738 0.557202909053979 2.20763372301653
"360" 2.43140253154729 -1.57058031930314 -0.527477051973552 0.812789616106901
"361" 4.60866941053990 4.58028575765569 0.57731284149358 2.24069227482602
"362" 4.84731714962057 3.72515271775285 0.958564610492601 0.794475796770704
"363" 4.25758688842002 7.66223553093883 1.84994166729889 2.59133680890599
"364" 3.1798983510714 1.55239028919870 1.21272310301557 1.37629390728602
"365" 3.00817616953593 3.47962374769885 -0.102208241255111 2.52080043151248
"366" 3.80867366846985 5.03501157574801 1.98934490157391 2.13510127281463
"367" 4.38730725968222 3.27134931421049 0.904994544735392 2.45439910270446
"368" 2.92687205629933 3.10993981289528 0.709442862391307 2.95685153102801
"369" 3.18740433482036 0.309723269408655 -0.300404911578603 1.09339150220134
"370" 4.71752154327018 9.13580837482419 1.84120536675120 2.97501388055373
"371" 4.66011064214477 6.27085935085507 2.75131313285772 2.29843320512931
"372" 3.77766784737744 6.26613512372848 1.73149531778784 2.21537656968319
"373" 1.83392860705798 2.49392843323020 0.261036615696066 -0.0732396312217776
"374" 4.55863722398637 5.52584907248049 1.34218512545225 2.51144395643321
"375" 6.16838175382125 9.46089461813698 3.30237591363762 3.17963949917963
"376" 2.29863623517019 1.21180804845532 -0.343079374938879 1.01913152363543
"377" 4.81795227178411 5.94037004357244 1.91783547312251 2.15531915607422
"378" 5.20304577492765 3.82439325662724 -0.252571500637315 2.29524685273772
"379" 3.3431593197239 0.409573577236599 0.160057753794257 -0.743551143693469
"380" 5.86248684920536 6.92198706546941 1.23883907088658 3.77423750621304
"381" 4.48940925780804 3.65372860974030 0.746285219975322 1.86298138625291
"382" 7.47220420460401 9.43941118554275 2.91485255775165 1.77268657405455
"383" 4.65059574500434 6.95487233700922 1.17841476431126 3.04851127668437
"384" 3.33007854094226 4.44172648971999 1.31794247712700 1.53416486638129
"385" 4.54637406201816 2.41347385036777 -0.467079249172955 3.21685186362788
"386" 4.95307659138232 7.87310153532173 2.49387083382848 2.86441343279387
"387" 3.49530717145626 3.39599600222781 1.85332416671814 1.71287251880078
"388" 5.46582035985815 6.09923000013206 1.17408830098229 2.73539772440553
"389" 3.97382858168523 5.05168782357928 1.4531819246737 1.27776374234377
"390" 5.43610373775889 6.995023474202 2.13033499923483 2.67652545378457
"391" 4.85732273532156 6.1995886217957 1.77580097478875 2.92884174366476
"392" 3.2828620681459 5.05673430263525 0.630554764335023 2.46451436795641
"393" 2.57838256185588 4.26755727563578 0.132974008224146 2.25034822389758
"394" 3.20102012312938 1.47863185088582 -0.208449825097955 0.965818250436832
"395" 4.10421982257909 6.69569482011466 2.3930438658622 2.15605608703822
"396" 1.93620896514212 3.23253066340218 -0.334761993377420 2.85781416128531
"397" 5.29729168504393 7.89190465331439 2.56643526908201 1.45676063893646
"398" 4.39489133658433 6.08702873884438 -0.0160040671049195 4.97078459480395
"399" 3.00056919814219 6.73469975524591 2.08353659262031 1.97163223584967
"400" 3.54489040355271 2.78055984118533 -0.0825768370377513 2.3272577152085
"401" 4.23073501132183 6.69626519735813 2.34322477718763 0.812352186850617
"402" 3.27951489668694 4.71596059399621 1.05510489468968 2.43282880535338
"403" 4.15471507535442 4.67906214382683 1.58775561120462 2.34878978674607
"404" 5.38272185334639 3.55403761499096 0.907680247221824 1.72530887582638
"405" 4.29715341945182 2.64698199352362 1.26023996289804 1.52020126133964
"406" 4.52560743543202 5.15258636415689 1.13931716807252 2.09533166560385
"407" 2.26131117525207 -2.13801956644797 -1.39582925424403 0.774804899034055
"408" 2.34296871823080 2.00380651322149 0.994617409687226 0.873218671991588
"409" 3.86991338210354 7.47098542534805 1.78549588484821 3.56689922255329
"410" 4.49061148828935 5.32446468313242 0.896751575856935 2.61877257016304
"411" 5.14575819900395 6.64061615344832 1.55386580448426 3.08153245800757
"412" 5.54827194161025 4.79305878582575 1.31773103402188 2.41848229549631
"413" 5.54389298007883 6.33826464419104 1.21612633136829 3.05741403682256
"414" 3.87344727782362 3.27657366836401 0.623814992987371 1.87840496159084
"415" 4.79216173479121 9.36771086657563 2.96041815523024 2.63707093505194
"416" 3.62612097195737 5.72638809316027 1.71806181048171 0.872019677006683
"417" 3.97837680431541 5.99261590893369 1.75675768603203 1.94198485976999
"418" 1.75028740612987 -0.262485320451825 -0.349999445110705 0.778333238891529
"419" 4.93044645107053 4.35905430474256 1.81385227954424 1.68749821737071
"420" 2.20866304496135 4.48188460375146 0.684409551585331 2.03976763895881
"421" 3.65074873059468 0.217555518956356 0.0979284850534065 2.87296932370977
"422" 4.91580834060216 4.29302442023734 0.526644328760442 1.24165669821956
"423" 3.64237092053700 5.39949364343044 1.82358295133760 0.972494409420596
"424" 1.32213332379057 3.43473164421980 0.90343185675421 2.42055784377758
"425" 2.92952703618575 6.25695423426128 1.10048546451633 2.81964094938015
"426" 4.07801866231638 5.71595360102327 2.51539281838158 1.09319291458138
"427" 5.22254603070343 8.15478504731545 2.8167635255727 1.55133793925541
"428" 3.49781510106435 -2.11322334843526 -0.984718025483757 0.363750145345559
"429" 3.25270232537602 3.88444045322878 0.91507452836258 1.76591807777572
"430" 2.21874267214864 -0.397835565206186 -1.39048645074800 1.94320467239926
"431" 4.71752732546897 2.75012234383140 -0.141944844514816 2.94582786138699
"432" 2.62525894584944 3.21548730218448 1.29851024818967 1.49675098336778
"433" 5.66825589177722 7.04533300414037 2.05957726703787 3.34954384666334
"434" 5.44063645800166 4.2167765269039 2.44639601368315 0.916407577178476
"435" 4.99752591481148 6.28849610561307 2.68364321607437 0.431663785311692
"436" 3.27476585539122 2.53334561649226 0.154341386853472 1.23740221978729
"437" 2.47423837936887 0.52912250843028 0.60276430900318 1.62217717014510
"438" 3.70384971953251 1.7315952702358 0.258454823919891 0.814006074511255
"439" 4.39209763533258 0.934914601223946 0.349171881278656 0.991575386518688
"440" 3.44228845401021 1.80545977165023 0.0977776575833058 1.43283449423067
"441" 4.56317953308595 3.20397654999326 1.23690499231285 2.14078715535690
"442" 4.74388017696368 5.29129035345902 0.778123568643687 2.27714575363308
"443" 6.3307906255521 7.25928100743829 1.29377218118360 1.90991853678627
"444" 4.46658692260818 7.24945498344282 1.96883632027545 1.52672361480270
"445" 4.80554283087288 7.24920400518636 2.62867393415308 1.53431833243447
"446" 3.11885955881392 1.40796128120636 -0.0104063061422761 2.25854247166339
"447" 5.53267850777805 2.65809866668741 -0.138414668009135 3.01049095798261
"448" 4.57368873178061 5.69427707201342 1.26699217997326 2.81834349590049
"449" 6.77987816230606 5.52084287325223 0.760546237896068 2.2171698857419
"450" 4.15605786377937 3.41153784395428 1.40166663367648 1.08764638270531
"451" 4.54970273810965 5.46028991277066 1.87859837129807 1.19996251026419
"452" 5.18566883031015 3.01110677748682 1.08365830032044 2.33972816447126
"453" 3.01887605556820 2.75929860287050 0.595698397379928 1.25357994441765
"454" 4.88805251125638 5.01314135689467 1.71801106907908 2.05727721201467
"455" 5.96459666414818 6.65012320369978 1.65833557231430 3.89836821855107
"456" 3.23919112941766 3.56490654810994 -0.218697666556686 2.53404093507282
"457" 3.19872241340881 -2.85034778000796 -2.09168680310537 2.30262416481517
"458" 2.97211236608291 4.86074636834864 1.39194407146556 2.10380171310323
"459" 3.95633748716393 4.06151633115136 0.532446080547294 2.82524935685369
"460" 2.57290568669634 1.57689841898502 -1.04319558914505 2.1671137119358
"461" 3.04817319339083 1.30075089769450 0.504806124120304 1.51377406109942
"462" 3.99754995432264 4.25006996216261 1.43822607370785 2.52074937202697
"463" 3.54565999208707 0.544217176870912 0.406602751362756 1.01000087375809
"464" 3.57361450131352 7.43643928082706 2.04413118169298 2.89598826142235
"465" 4.17245258874548 4.16972459914091 1.93103682046725 1.77200029880592
"466" 1.46798876053317 3.46464498362401 1.06024161379497 2.46999302650770
"467" 4.38342502053798 1.64444174126323 -0.0789671525319222 1.71663595181501
"468" 4.53447661525501 3.08299409526918 1.07949771859073 2.82936151671650
"469" 4.44372687088052 2.89174173434334 0.165191594213138 1.12576645191173
"470" 3.38805414450261 0.61612878237073 0.412862415396492 1.25024465890199
"471" 5.36100431324793 7.20695014379818 1.07345195118599 4.24154807626051
"472" 4.89558297227618 3.71208698410769 0.373163112333407 3.09181212869502
"473" 4.58889140604833 8.69209474470691 2.47202718937253 2.71631105492608
"474" 3.92675061164037 1.45449270049759 -0.612912354029294 2.12016230744974
"475" 5.88780833800639 6.0284614229982 1.01351382782161 4.05904748336966
"476" 4.22311961417217 2.70032668603576 0.101544218630807 3.00790721250423
"477" 2.95319126963791 5.62461553071886 2.74202593652452 1.28621526439546
"478" 3.01162671705035 4.49094335716946 0.550295059329759 1.72296534268351
"479" 3.17258872970625 9.69830194147008 3.23002353490375 2.7566454616398
"480" 3.30237702474588 4.03677226440232 0.865623386689904 2.25615884682590
"481" 2.81345686469439 4.38922619135298 0.508426339194875 1.39365397937849
"482" 2.86062775338475 1.75044421445962 0.501668678476843 2.04968106817883
"483" 3.80948047155113 2.05499088754683 0.653543725426808 1.04453436905824
"484" 1.82312008340681 0.388932587758199 -1.44654425578066 4.00971369515398
"485" 4.30652287476647 3.79064496891847 0.890900941898361 2.74765120674842
"486" 3.63715276602985 7.19517046461055 1.17287416356249 2.69554276223830
"487" 4.52696311827522 2.77376438762411 0.270876124709830 2.15656537744507
"488" 4.55743133892943 2.88364449687338 -0.105313118917831 3.17386437201323
"489" 4.94250249780877 3.53490934118173 0.671733663523311 1.45987433761964
"490" 4.58531909751652 2.82594354327121 0.809293104094456 2.07554319562354
"491" 1.36396275630184 4.7641586774001 1.16794494526612 2.27506797731165
"492" 5.8725285300161 6.68564002250407 1.63136157462102 1.74071039103327
"493" 4.35427979746869 3.3514933725416 0.153894881543499 1.92106999886160
"494" 5.3104381835647 6.96767581071818 2.83184758493862 2.50984385361255
"495" 4.80768230721157 4.18243792599625 1.60124384010299 1.08154198324146
"496" 4.24446558703972 4.29578433166422 0.601674102539923 1.94359244614274
"497" 2.13707336722230 2.62938658426453 1.09681140830305 1.20335339742926
"498" 3.75714410620761 1.78542335752755 -0.572370578556178 2.19641482673855
"499" 2.70867495685609 2.48215733642960 0.770378043432069 1.48818295903417
"500" 3.54526232737865 3.22874148015418 0.662035236559672 0.482664587241586
"501" 2.60068200441185 4.56235915253590 2.12693177099302 2.08308237911506
"502" 4.10351227535808 2.10976353358987 -1.08071548263578 2.63507781083762
"503" 6.84592782049397 3.16178616681414 0.0518815630831273 1.52079237492066
"504" 5.38052246584481 8.11771170134067 3.49595972826333 2.12126998463152
"505" 4.23117294376311 4.24641434373739 0.503862272807199 2.41675214679121
"506" 3.76152266725835 0.868762662279497 1.17489564665740 -0.332034685777704
"507" 2.26849607504982 -0.929673693668931 -0.517842319889669 1.16892441872723
"508" 4.79883367413665 8.02387051686504 2.6420531806184 2.90496193311988
"509" 4.06251379392122 1.84336547404611 0.903699199766358 -1.03790996295208
"510" 3.39238801341278 4.82848192587679 1.70038782269750 0.216902337313073
"511" 5.17042739262271 5.49963144560391 1.40037459895556 2.23153015898403
"512" 5.61624692504519 1.79918169405689 -0.638008042047064 4.22125919500253
"513" 4.98317911438269 3.4893851900139 1.72628638826323 0.157873695292532
"514" 2.79806751299764 2.27385482655319 0.644784384094288 2.44982122343504
"515" 2.73740184210147 6.67049205770135 1.69542823470166 2.65017116511135
"516" 5.15728700068208 4.89239181332531 1.81451237119392 2.10747082191341
"517" 3.96566023766664 4.1928063277634 0.938314344382847 1.68562249383606
"518" 4.60692352182411 7.93903121049015 3.14085192751972 1.13506896797679
"519" 5.1048241313608 3.54782719779004 1.28552603378784 1.24329093342667
"520" 2.17043555468205 1.41980272039501 -0.0917226421130406 1.61266188050251
"521" 5.48673922204977 7.39404843971454 1.65658233520324 2.54172898966647
"522" 3.41885299396266 0.0210790507637881 0.332816185508204 1.61018328059321
"523" 4.65950650797795 5.32032846558418 1.13474308337713 2.37322617515141
"524" 2.39029425505032 4.18758913936666 0.0840661366228064 4.30835970935089
"525" 3.73524113182726 2.01199891860084 1.78089493618634 0.327050459084703
"526" 4.93435508295413 6.95197768220874 1.20979084240501 4.46756311646511
"527" 6.76317768918468 8.91512201057572 2.09195840226442 5.44683931211201
"528" 4.77417810754068 6.75294755620543 2.19429559092003 1.83319747172635
"529" 3.77167199046067 4.89446882443018 1.34757161811106 1.76768675704091
"530" 2.89120253577904 1.95210848530241 0.6513886342322 0.579358279408921
"531" 4.65141275811093 6.98482361098339 2.70197163081722 3.19825623506761
"532" 4.74404091177017 7.74863995962216 2.8482181692467 2.74052416398407
"533" 5.74191622647684 5.53052834869288 1.83115576161168 0.750981461791858
"534" 3.62843403469646 2.10088638274447 0.109852801681004 1.78605933246606
"535" 3.69559106976496 4.39146721043598 0.657809597999209 0.739476995562889
"536" 2.25667317048992 1.26118354542006 -0.24551876829683 2.44612102578654
"537" 1.7507503080214 1.32135007806900 0.0204231734982732 1.98807956358288
"538" 6.06126965649526 6.75643638437154 1.06783122282653 5.07588566581412
"539" 3.71509036050303 7.56454397803732 1.65550275549025 4.08730141451957
"540" 1.83596875187785 5.87711090419744 1.28232667154628 2.95059442906259
"541" 3.60488861147691 3.81805952536132 1.99886096243265 0.625956857985658
"542" 3.25941679471420 3.53934439147374 0.660013026925078 2.51018348781108
"543" 4.19477932360901 1.61378111439778 0.624910707786878 0.797864139820307
"544" 5.90540109668844 5.16068963096109 1.46562823240903 0.889254455104981
"545" 3.08332849581906 2.64014552623555 0.839262269155568 2.79887257308955
"546" 3.32628318277175 4.47582245492846 0.585299468806628 2.51254371367143
"547" 6.34233671629229 1.30423118955384 0.0223318986356010 2.61452687815005
"548" 4.32669902610082 7.12803107942389 2.57736334231495 1.53673734408947
"549" 6.82905249986716 8.96076285043437 2.73918797146144 2.97754075652422
"550" 6.45687368425765 9.81909941174094 3.53827688422869 2.22364728010599
"551" 3.49388547067993 2.26371058643098 0.600218196606493 1.97007204185827
"552" 3.56486997079098 6.72677473446775 0.897162491445969 3.02861229696230
"553" 4.03567126267194 1.79803816024097 -0.660628562495936 1.60001030865522
"554" 5.05358350804906 3.4895588060712 0.212311594645329 1.97856298871591
"555" 6.59989904968041 6.737918157852 1.69976251992838 2.31454913530432
"556" 3.39744700179282 1.86100402593347 -0.409698085991173 2.30484335463338
"557" 3.95330778647373 0.81718475569998 -0.244345697317554 2.08869097699510
"558" 4.02607942861483 0.766319083072608 0.143649588176273 1.822854171859
"559" 2.52046365321749 -2.33013748561455 -0.985252029361247 0.265600143644513
"560" 4.12532049523743 6.84122146429896 0.831252464583383 3.72085281509598
"561" 4.89454257942112 4.99408296629664 1.33819580836943 3.06938045910564
"562" 5.50281237439826 5.57719970213698 1.38405904551825 3.23209007447046
"563" 3.7614804295864 4.90697201691693 1.20612932775217 1.41910708746653
"564" 4.04268157096263 3.23778352211547 0.232678851792786 1.06177298763530
"565" 3.25939489236756 2.27358750980692 -0.327703741531636 3.54379111696725
"566" 2.19075461872787 5.15602324229949 1.23604910534349 1.60727554641599
"567" 5.98345424892953 6.67165703199507 1.26253483483836 2.93926564820273
"568" 4.84134160926497 7.7931416998326 2.64218638772723 2.05532368513859
"569" 3.75586006291331 1.5727397644341 0.570616979074889 1.18628678750109
"570" 3.69370201256172 7.074761175248 2.53566240545047 1.97607882853576
"571" 2.25674376533693 3.22832502127055 0.508789439859228 1.92933170694794
"572" 4.19474484197721 6.49310354801114 2.37588387478785 2.15977813554111
"573" 2.13596031948792 -0.425067477890431 -0.736350300213878 0.816007744485958
"574" 4.41615714486271 3.17315526283885 0.731706030663335 2.36240759952357
"575" 5.23699444953984 2.25476843182292 0.0232207752040839 3.35681957714695
"576" 5.87132478380547 4.01997491209384 1.09363696371620 2.52714072641416
"577" 3.59934166852536 0.938538115203587 -0.785510275395592 1.82196112784995
"578" 6.29708767464388 9.20221672940259 2.55572454729599 2.32731197604779
"579" 4.24733518925348 3.85074631552853 1.08179775885989 1.97818940540726
"580" 2.68551626528925 2.48310781557082 -0.572906964204111 2.582749760328
"581" 3.18679368878332 4.8729695475387 0.896558817441814 2.85444057126747
"582" 5.71719400250738 7.45902725812296 2.76037576611717 2.51170468274173
"583" 3.49198889403474 0.25148173537445 -0.279414278252068 0.75241180649333
"584" 1.93065993766641 0.732481626497364 -0.421764713014976 1.07333728996694
"585" 2.92187009290136 5.57087435790618 0.943469407628248 3.77726315306877
"586" 4.11470500457516 4.44144880737483 2.512848803081 0.36845811384305
"587" 4.52912436300454 4.76694499218392 1.55383599524205 1.22822347897443
"588" 3.40497630065546 2.04924231165849 0.372043520703355 3.21856989053420
"589" 3.32471759286533 3.55013398448166 0.404625513932443 1.57511262471182
"590" 4.55557712500524 5.51978311827648 0.297670643291271 3.4735959050757
"591" 4.29981832373977 4.24746378133568 0.78493947524169 2.6114814693654
"592" 4.49206106974338 5.50188142428125 2.90117719122703 0.516787895025719
"593" 3.55499033505856 1.02858976460437 -0.0664788287956786 1.01975560133625
"594" 4.88974249882873 5.25743806081826 1.28510198665016 1.68303221162834
"595" 5.53785130834005 5.7112712049278 1.66456048742937 2.10526208944266
"596" 6.39032023147657 10.2942739804541 3.70847374374018 2.17354670198968
"597" 4.36695005132122 7.55889561653807 1.86550433491826 1.8704567874358
"598" 5.0146722238664 2.48982330744838 1.30468168003112 1.20911268680849
"599" 3.48400058288345 1.49517026063109 -0.0196593174416511 1.94228943017206
"600" 6.08435682616863 7.6147355963712 2.16865715225712 3.40834480753185
"601" 3.36943418176687 4.58446296579158 1.19469486255610 2.13268137415954
"602" 6.72752332324784 4.93937516676293 1.07962336835467 2.61535234281031
"603" 3.5004920416831 3.54993301668605 -0.116309396609785 3.24722136968005
"604" 2.71251175618223 2.98073366477972 1.05274727851723 1.00054506840809
"605" 4.44311082021145 3.45484403455594 0.529142826159428 1.42667452609480
"606" 2.84980544152412 2.87702907946633 1.32024806933788 1.84043877842263
"607" 4.77739207449102 4.95071885578642 1.87417488437254 1.19019349194050
"608" 3.58188836528267 2.05434027356286 0.827086981990504 1.93850094282532
"609" 2.52155557260011 -1.25040236920524 -1.34889210598819 1.93229280561906
"610" 5.39549145732652 7.94224340019282 2.50952332153048 3.15045851809973
"611" 2.47799255040031 5.84693870070112 0.755868943171862 3.30556542233747
"612" 3.83455057178742 3.64448664917174 0.951249677101359 2.9731146374435
"613" 5.97567885534982 5.00271626290837 2.34898101505563 1.29313017677406
"614" 4.73183819291267 4.46842435886557 2.12077199157154 2.14658572606596
"615" 4.24381711105622 4.67828285980218 1.13607145620455 2.42405887220279
"616" 4.77708240071498 4.43038043408647 0.596561835515502 3.79826279747958
"617" 2.06612360568471 4.01659872681567 1.17532104621695 2.49972236853326
"618" 5.67208645203206 4.01843692602646 1.44063239643307 1.04308932813697
"619" 4.58618177364159 3.16575048949570 0.261860733556648 1.93139885943064
"620" 5.01919915163637 6.25143003042226 1.81963225134135 2.99331980442483
"621" 2.46717906475968 3.35146836037305 1.00595657352502 2.07230380327268
"622" 4.46206430461554 4.59199791508321 1.33000677339793 1.84635379544013
"623" 0.08378164287523 2.67780226313323 0.136496472053686 1.71508210308525
"624" 1.54794494976368 2.51247966379906 0.540687117771633 2.16394137896475
"625" 6.09258073104944 4.82846751012279 1.16333692743606 1.79284180490286
"626" 4.57631244979974 4.93348964607213 1.64967974988863 2.31570777836141
"627" 4.14256865929493 3.40222665119218 0.994925727088422 2.14153190650388
"628" 3.61639762820425 4.3806885031582 0.956725987282133 1.57122143780475
"629" 5.33816016959496 8.8931522525728 2.78859316248717 2.47042591848957
"630" 3.27870533099333 1.07193269317539 -0.0119291169354852 1.5014506097669
"631" 4.12579596790738 1.79539202559990 0.457763806279505 0.416022187329122
"632" 3.73352754915636 3.98669650205661 1.69572786108581 1.39453680814123
"633" 5.23000196246086 0.767507456385751 0.30341989483101 -0.0217097906522921
"634" 3.05608945299784 1.29561976209517 0.639868541991852 0.47353908044898
"635" 5.71045985193506 9.71472166579292 3.33584923376318 2.36981312293865
"636" 2.65718732414802 -0.434726959596451 -0.570055757511974 1.17562669746567
"637" 3.5870690798033 1.5796560698074 -0.0211633735176249 1.15757117423634
"638" 3.30585288291908 1.62368700372746 -0.165236162815485 2.86080370616065
"639" 5.14052349797328 1.51269597515751 -0.358536558792698 2.87223229772548
"640" 5.14589090455725 7.01970842722484 0.983415096147202 3.72815488003444
"641" 3.58491370943451 4.07135471670084 1.55631472275837 1.26656137643436
"642" 3.50337697938858 5.67736216099506 0.825273579326893 2.10734199550606
"643" 3.52151141445597 2.82156193652120 0.597965700748375 0.858522622986206
"644" 4.9461650983227 8.6950205574149 2.04548277151638 2.90404887080090
"645" 6.28191886410733 6.13578865984881 1.36788457708292 3.02213295787653
"646" 4.21373346701469 2.76810565093879 0.64642026625483 2.02129841142329
"647" 5.58960332288004 5.44876489621566 0.199575346037208 3.72912932162465
"648" 5.63647584840295 5.36327159239844 1.57071075479032 2.31587526518837
"649" 5.12952108515431 4.31165679605937 0.479507193499303 3.19247063941518
"650" 2.07457627456019 -1.35509664716663 -1.45178633197228 2.50663844927359
"651" 4.39740686216404 6.29712141468626 2.090818022179 0.96313808607239
"652" 4.76390680310156 6.18782265693851 2.46107307977763 1.37709902598910
"653" 1.62819667337992 0.906553353515093 -0.65161269700843 2.79166785175948
"654" 2.24227629693402 -2.30003750228209 -1.61611214601404 1.63486334333001
"655" 2.76038940794648 2.59362239374657 0.154858115587285 2.45143632082792
"656" 3.77849195106239 1.30956091970247 0.309327352424127 1.26435136865095
"657" 3.08800591326077 -1.40954189047159 0.285145709453347 -0.547796832395394
"658" 5.97107048456519 6.25855759847558 1.03365813058881 1.90368625561512
"659" 3.30010529059150 2.34570761415454 1.41292006359725 1.57060648995359
"660" 6.69090393652991 6.79994049916003 1.35797310924407 3.59577431866376
"661" 3.87421292535718 7.16301012248346 1.05539499048053 2.29793799408989
"662" 2.41882446428025 -0.99789442025224 0.229389621405622 0.196470697422496
"663" 4.79863829520961 3.8507797510921 0.384749633801804 3.49875220035434
"664" 3.27604329874498 4.97231979481689 1.09446713044726 2.872933800131
"665" 2.65516038597008 -1.44339505004641 -1.11813171937036 1.91954863877391
"666" 3.10994517490345 3.87867351876211 0.78855361898005 3.10910827530515
"667" 3.69186319072401 4.20330045656469 1.07774708147139 1.95673568782261
"668" 5.34156977441193 1.93236976820883 -0.570278823173971 2.19475909891026
"669" 2.16431752121577 3.25468363785595 -0.342153786283136 2.71338021596994
"670" 5.04198676474194 6.3937304409239 2.24185511404332 1.77123883820272
"671" 3.49692098450966 6.66894034335387 1.41826705481980 2.83028946163823
"672" 4.84220445542067 6.51747567328725 2.45557122116225 1.56169478141194
"673" 1.1343393047269 0.582643573566052 0.00956794795510785 0.781102359146546
"674" 2.89685345892037 0.800618313110287 0.851485627019783 0.149248409419372
"675" 3.60583926626038 2.66034592996340 1.14308056652668 0.775009317947685
"676" 1.91256507464605 2.22769859777219 0.232270274495431 2.96098093986919
"677" 2.85837193902553 -0.19311209475405 -1.02176150938062 2.10157155644596
"678" 2.15037648267613 -3.25580259629324 0.176548083560946 -1.37538960805926
"679" 1.99587202479591 2.76730807411477 0.306790330493449 1.54764164477149
"680" 3.01255787896797 1.77401082595437 0.655776438285443 0.985837916287066
"681" 6.39240902716043 6.20218760738806 2.10436953010855 1.32433628649937
"682" 6.26935806338202 6.12346487104023 2.72662135824749 0.819089645569915
"683" 4.365641513082 4.10164913351436 1.01229457637592 1.48734253067930
"684" 2.55836714011948 2.07628663203790 -0.0765493528467656 3.39409380135192
"685" 2.59565984299299 3.12961416038236 0.166566842569277 3.47926812929996
"686" 4.51004665477315 7.61790698616342 1.70308194257941 3.09044038129759
"687" 4.05284613915002 4.10700998971144 1.90208372309794 1.64417310471432
"688" 6.10853741683877 6.70790780566862 0.260164474526786 3.94680256996508
"689" 4.29327455521445 4.03281356337498 1.46551372570133 2.15583582632840
"690" 3.83496829408363 1.29595709099840 0.24248072143855 1.32376360556811
"691" 4.36317377734685 2.04327206379027 -1.35015751806169 2.91077512181808
"692" 2.38060575644350 5.80917739391877 1.28191514089408 2.91219039639890
"693" 5.53328010338143 7.6141406353602 1.57226021036782 1.80336848231410
"694" 3.09014497471437 3.04546180687418 0.934930637404714 1.34950684436181
"695" 3.75048128933947 0.151108497373254 -0.183247832865767 1.87195099878887
"696" 5.18733328674562 4.92941796957541 0.87262065414443 3.00866850481385
"697" 2.24675925578953 -2.65554112244218 -0.791120861091427 0.723733787334397
"698" 4.76662025416817 4.80494088758055 0.867901541334454 2.54055495897085
"699" 3.99461807399388 4.8830554491751 1.94815453361351 2.88769490192615
"700" 4.33944196071188 2.57746474683066 0.818416707127272 1.80506547350146
"701" 3.77035436745861 1.24012259875340 -0.557868869924686 2.56493656712915
"702" 3.08440484763189 4.86148993282443 0.693094049435104 4.51689709420966
"703" 4.10641077802422 6.39904555805747 2.20960951706105 1.21582579266465
"704" 3.00052584217388 2.68452794713645 -0.420299678275543 3.48550918415876
"705" 1.50347919709539 -1.02958641054738 -0.680644340926122 1.30618313118864
"706" 3.32472172949721 4.66271836836589 1.39056302270321 1.64798066768052
"707" 3.73971436285769 5.15356416691638 0.524639889921173 3.53657273392572
"708" 4.88012933629289 7.73219082249478 2.01959637867754 3.92127409784351
"709" 3.84913326460828 1.82755610759347 0.224800534189521 1.99175320175312
"710" 3.77907308153631 5.90860710009572 1.23456457737279 3.90559905248825
"711" 3.47518241814394 2.68906477779247 0.105352983652495 0.830831099859302
"712" 4.08353415683574 5.7547037709121 1.62559959456631 1.65130739998439
"713" 3.91306976602851 2.15921030158118 0.622198832765159 1.94923981487304
"714" 4.97687523585625 5.40121276541683 2.56353342256804 1.14807680000806
"715" 4.74976559123794 0.225511735945286 -0.840233134266898 1.58275329617838
"716" 4.7154272548287 6.46800040230455 2.33662651337066 3.26199305809980
"717" 4.57910964319718 4.38983457296627 1.04359804112402 1.46416376643306
"718" 5.01229295941995 7.44196568277293 2.59079082921781 2.08262369226405
"719" 3.68340820211141 7.50098850147385 1.77502974867855 3.30727416550374
"720" 3.70159185798427 0.918238440012371 0.193237634172187 0.502424153035860
"721" 1.50431425968243 4.86093613818273 1.77081204933539 1.06912073587524
"722" 3.71639112699419 2.02380107702282 -0.211731042115756 2.4530004573981
"723" 6.52378694956185 4.10965679077729 2.48720467129296 1.27242662746968
"724" 5.557902269156 6.93658471937438 0.511069428277248 3.74922031325474
"725" 1.62905680624500 1.97299985124965 0.277670888719366 1.67492995204160
"726" 2.11149135613939 2.34105807504026 0.347348817263587 1.36676465163554
"727" 3.36968881221407 2.63753375363053 0.0977103948610548 1.12600931274496
"728" 1.65781800345591 -2.57931689806721 -1.50297308549018 0.659088760583837
"729" 3.09115088200464 3.57409890512666 1.14470827172404 1.74839127200472
"730" 4.10391107195378 4.30764225589651 0.573782237202748 3.04726563715795
"731" 4.7560322047533 5.32268849447328 0.232382041203886 3.91243965845787
"732" 4.45352746926716 3.99026355677175 -0.00210206759975318 1.86772253492746
"733" 2.14461873470469 0.209535699000139 -0.0157606721044052 2.19838875169504
"734" 3.97247397382349 6.16669660186116 1.55828088777594 1.37677878981775
"735" 2.26098802650859 -0.954705916871675 -1.31133760710459 2.03256352920478
"736" 3.18773680304716 1.81597562884053 0.805614433417344 0.341429310517259
"737" 5.16504280209391 1.57602133483141 -0.0132899502375410 3.00183066118143
"738" 5.46480928542454 2.67775195832342 0.777747627962658 2.00444381691841
"739" 3.20880487690424 3.32832151355090 1.04446279304499 1.54579058234906
"740" 3.56664825508985 3.83808385438081 0.663895080958123 2.69451473989996
"741" 4.6451100496294 7.85684251928216 1.65703878346567 4.11390398404675
"742" 4.13503563735156 5.41360758517408 1.21942437762986 2.25984526997599
"743" 1.42720934722404 0.993585911587605 -1.16156518231424 1.79435039088028
"744" 3.70950662863553 5.5829140657642 1.27538853368955 3.21252897624096
"745" 4.41095739980494 5.86535403216786 1.96773257138801 1.41698174190187
"746" 3.55742577974628 3.91167804789752 1.32399912235307 1.80273151837001
"747" 4.44452701167754 4.67795451300434 1.12258065674319 2.26211535378774
"748" 3.3071478774016 2.80693475956595 1.00375501150113 1.74939975508428
"749" 2.8032459554923 3.39075977075066 0.806328029231121 1.63935855812094
"750" 5.90708120074122 8.05888955676792 2.07945145113732 2.82122040080250
"751" 5.08483138586662 6.0626308007392 1.40715132576590 3.46837754059806
"752" 3.52436017118878 1.50100013975949 0.313770471848235 1.48294561000693
"753" 4.964317985541 7.68693393201632 1.61818646023353 3.76076991127758
"754" 3.20096203426296 3.88045023458837 1.70917042762116 1.98508471560602
"755" 3.92470293888641 4.13999318275000 0.90492624527635 3.31273678100797
"756" 3.56482710617239 5.93949151844374 2.15156525935169 2.49699726874120
"757" 3.80176212157781 2.90747266071064 0.685300349287026 1.71729487606531
"758" 5.31418852317538 5.08663371519729 0.852827425203942 2.97476111942516
"759" 5.0228571066732 5.3334813976785 1.19961475844869 2.63231683789139
"760" 4.49696912111271 2.25271388732970 0.554225604131932 0.936921418285268
"761" 2.73085002947247 6.00663671398102 1.28145040988363 3.89127807764534
"762" 5.01449854557518 5.99349260470585 1.61187431767654 2.69999181595404
"763" 2.6040686570784 0.308073975902634 -0.0106412681196755 2.49830117426694
"764" 4.9434214948342 9.0093317285489 2.14302592657501 3.4850567767065
"765" 4.33621901823587 0.693823155446077 0.390092653457736 1.21487486650032
"766" 5.21286954681919 3.92261347713978 0.707921077643788 3.27191246294989
"767" 3.21870727779191 4.21559619290605 0.79032401471719 2.79789665612752
"768" 3.65463841834876 -0.586970285296463 0.0638937412319883 1.61742699262457
"769" 5.02023472459986 3.28507636283335 0.656866849433882 2.78561160416415
"770" 3.22803031183447 2.25562149916428 0.210982598482229 2.72594480812706
"771" 4.68801280003171 3.88777970222606 0.585202278576685 2.86795905508933
"772" 4.15134940578829 5.22093499233865 1.52669515508982 2.11604512846513
"773" 3.91339623070717 1.32410409422416 -0.188137651292682 2.91339026711582
"774" 2.63063632281293 4.87243252467755 0.106811032820925 2.52635367166880
"775" 4.11440980424031 4.96848819829831 1.00663468054948 1.05426414766369
"776" 1.53293766955851 0.99030438051602 0.419812592451737 1.26964590059145
"777" 4.15730702154267 5.89551784350778 1.19717706353994 3.07492787931844
"778" 2.84298422430283 1.75021400062179 -0.054730919816304 0.536448419255959
"779" 3.80247926601964 0.122132749905554 0.199657468846963 1.16427657007721
"780" 4.52815590398717 4.05204023154247 1.11163095410201 1.28144488897422
"781" 3.13635716575149 3.03480788681314 0.874123937129983 1.95369072728648
"782" 1.56885666075245 3.16162533844511 1.12099576895995 1.01119921139897
"783" 3.35762709333092 3.50679716089 0.67207142262821 2.58300204444135
"784" 5.07843108544143 2.62574011827212 1.03793546959018 0.38415227220257
"785" 2.28668050400407 2.34230231857692 0.366771570045653 1.75976844155902
"786" 3.25750677121038 3.26212709050552 1.67765574969902 0.48481646316954
"787" 2.42298394542303 6.38550106419241 2.63907866513611 2.13637706617581
"788" 3.86108753607315 6.43808970086405 1.68392582841492 2.48676519456791
"789" 1.99609096670886 5.09531958443178 1.50985652104924 2.67021252932673
"790" 4.3904085457368 3.22221213824607 1.29406722590902 1.38013301470022
"791" 4.53455163682695 5.50773637549847 1.31978025666719 2.60252046094488
"792" 4.7410814380400 7.90304316140323 2.23697733634322 2.93022476117165
"793" 4.66680402112232 5.43398915814264 1.37164803323877 1.88361707052118
"794" 4.05024872744189 6.56350656880525 2.54177785424866 1.71594034213991
"795" 4.13758996569424 0.963648694852504 -0.897496163432268 2.14531499614047
"796" 4.23411183834719 7.12299870518189 1.57655873663090 3.52698336550651
"797" 3.17393531840582 2.6608859302827 0.408616457272853 2.44702382275633
"798" 4.563084649827 4.14525261113002 0.768076090349944 3.38714398061449
"799" 3.81647305651935 1.92980789488424 -0.00190178053918211 2.16760793896783
"800" 6.59459108106738 5.91714829719697 1.84414589127630 1.17704263395923
"801" 4.83236151840921 3.81634469802716 1.08740591396641 2.57362000539268
"802" 5.1708073240272 3.77853571314897 1.47574061065671 0.98942013458648
"803" 5.20839236439169 7.69564080017122 1.37877338949234 2.17911650561462
"804" 4.39741101098288 5.16303014581992 1.40068389334473 2.09979074087020
"805" 0.576771317400129 4.31109485118259 1.02535502049764 1.81283595401337
"806" 5.25064503434553 4.9494664786665 0.72541609701204 2.4931019904911
"807" 3.39800133586861 2.48097117656402 0.193985390831255 1.13480048897392
"808" 4.41419191262426 5.46725489941647 1.07895067600604 1.81098484880815
"809" 4.00414258346256 5.59333374417014 2.27347735661412 1.53600398533710
"810" 3.85359994405564 2.9193609222631 1.75254451020029 1.92597995835899
"811" 2.89991546557511 7.560740617783 1.07481304814645 2.98561809376866
"812" 2.7426927740578 5.21964757538112 1.56216502700537 1.60792366515649
"813" 4.30665716346491 7.33535678549623 2.1045789905389 2.73892072367596
"814" 4.51610511337045 9.07407358136212 2.20608170900044 3.11260987517077
"815" 3.79702687167303 1.68268265426408 0.335999897987035 1.93956828378622
"816" 4.76502491219378 5.38580498921192 1.45721260221248 2.01327001238765
"817" 4.45282546514505 7.8235297353538 2.15479992342393 3.80376578730813
"818" 3.54791245398104 6.472135014922 2.28012263690852 0.992169931559258
"819" 4.29089676525915 2.29685176894604 1.5970396941368 0.799041970827397
"820" 3.33161960118116 3.70360295240449 1.42545113621685 1.45676956061710
"821" 3.11230905031679 2.86388860201769 0.682268761749597 2.00614667760896
"822" 6.53834165956386 5.05339002819375 0.755183460891521 0.69006447581265
"823" 5.05661139700477 5.14953803367313 0.0532273408938828 3.59301678054535
"824" 5.17260518947585 5.78674203523903 0.74535837963745 2.91911695120742
"825" 5.37339504946998 3.28217389712923 1.16513685776591 1.00095641391693
"826" 1.46034180376829 0.0130850948970525 -0.492185541722487 1.96479125431775
"827" 6.34497076466135 6.81224936592184 1.51615969983020 2.46569401237714
"828" 1.42567215854372 -1.96324213240999 -1.57056740020096 2.01065153726563
"829" 4.13061177256207 1.84642083232495 0.190295848348588 1.99257287336785
"830" 2.96723028531193 1.45020151192866 -0.063016783106068 3.08013509365496
"831" 6.20009259276734 7.93865984657334 2.21081512603989 3.17930553800504
"832" 3.69456985319759 3.26948481513961 1.10951716442111 0.786843123290475
"833" 3.66096866237294 5.31009167180414 2.29364198273867 0.990349862468673
"834" 3.99081716607285 1.57374216226005 -0.218057111678706 2.06667135167218
"835" 5.20539541957806 6.03319953314003 1.96215153582600 1.97124016746737
"836" 4.26004542439481 7.08736217624886 2.09707451359099 2.24248187098019
"837" 4.02940062040812 4.68276543026402 1.31479086646135 2.74514694975237
"838" 3.63980398811276 5.09571752522083 0.732326124400259 2.89258083188792
"839" 5.24849615509875 5.92377940183709 2.3591192276919 0.489742625700049
"840" 4.27076770581834 3.10614771255703 1.19075495790090 1.49952439756919
"841" 3.08248088780183 4.44889606745286 0.718999407162594 1.31415292962959
"842" 3.12948450665808 2.96970241594305 1.37052891677866 1.01540074770537
"843" 1.65673961967669 3.02301278143937 0.58397656956083 0.279398771092487
"844" 4.95079338890955 4.42215422931070 1.22321643554556 2.38527178186094
"845" 2.17625973499806 0.450911692318495 -0.0770927383504827 1.51585182831897
"846" 4.67065767484995 5.38682979503844 1.27377816146859 2.49599967043191
"847" 5.24515619585791 4.4904258506226 1.40011273429952 0.565710544081745
"848" 3.31562092228742 -1.65139041988593 -2.16515454265235 1.86942594112529
"849" 3.27171929178324 2.95551591583154 0.496880403498809 2.58908301676449
"850" 6.02236429710737 7.41263490621079 1.55582308188331 2.22596748929182
"851" 2.54977592656159 4.03994405228317 1.46507045672734 2.16819596006279
"852" 3.36765928025455 4.11876186442492 1.03663029230966 1.86909163359833
"853" 5.10614729800998 4.5016942117906 2.33979509580394 0.256603209355881
"854" 4.27486319825403 4.51079686835003 1.37764293604967 1.38288053253927
"855" 3.07347194143278 4.642068467417 1.73192701057425 0.473130725490535
"856" 5.15263319098855 3.14007956715045 0.152797914037545 2.87346586356949
"857" 4.83577362217769 3.82362108911888 0.204110688598514 3.39169256817322
"858" 5.50097313154552 7.15135444841339 0.845382656591519 4.71178168990978
"859" 3.54714588259304 1.86467830832432 -0.970490713287502 2.84354703040946
"860" 2.98356757328353 4.80159521956325 1.17077867417200 2.67671870936567
"861" 3.93112223280843 3.10788967744436 0.942788423834603 0.88236940229404
"862" 4.63065366128012 6.73376348172784 2.29291499017545 2.72969980559419
"863" 3.71673080204984 1.08155975827513 -0.686946377339754 1.64736055805393
"864" 6.72314225554558 5.20232450185538 1.13161066132755 2.43363191667181
"865" 3.30719315710016 0.513499970453826 -0.916348562597322 1.25222015543713
"866" 3.14442343322859 3.98090372599211 0.506183865731591 3.36798646288009
"867" 4.87847168589072 8.14768678517578 1.93344045269879 3.67407066842514
"868" 4.7361104520125 5.85813110109237 1.11593956646794 3.15139505196125
"869" 3.45999320677557 3.12941951321079 0.958003727595059 2.22806690082855
"870" 4.37432774997001 7.04388323818133 2.48605080101729 1.82172410842021
"871" 4.31359111143638 2.64883033359531 1.22434719895889 1.24470146555636
"872" 3.60076703755941 3.19338641940404 1.06811823413112 1.45955965285332
"873" 4.44805770270502 2.44982183603867 0.577349950486414 1.75214969638596
"874" 4.29162961321085 5.84102428005642 2.40992507897073 0.0650846872933195
"875" 4.77102775556469 8.22654399520797 2.15045529454329 2.75614646898588
"876" 6.15394024041282 8.07309578069045 2.19882744863621 1.83855772394242
"877" 1.67319423580542 0.653752682753431 0.166377399631502 1.40346272502274
"878" 2.91091036648037 1.37813715159504 -0.375603041722641 1.60559712609156
"879" 4.06422886341003 4.4057086696072 0.684645137637833 2.46470568576346
"880" 5.70768059956323 2.92704557873237 0.361307756800393 2.47036865453532
"881" 4.748245454827 5.62166650459252 1.92915958278141 1.04866585533203
"882" 5.32484894228154 1.40744229303283 -1.29140589595411 3.23717624571410
"883" 2.44334785724858 4.9866996471373 1.35346648961111 2.24040971486865
"884" 5.58634638200248 4.31936513851885 1.98228672819445 1.31442998433971
"885" 2.79486702045106 0.9662469818323 -1.24615647659854 2.83032093127744
"886" 2.76202153929200 4.65227362818848 0.487982747730772 3.37246776580523
"887" 5.03516399564249 2.01853745462348 0.128275540214095 2.43016729231302
"888" 2.43713723369287 4.36688999343875 1.39123413760462 2.25604913937955
"889" 5.41108888070905 6.10917281733178 2.75923441541193 1.66434158459267
"890" 5.76564052160891 4.84497157413707 1.26451883114419 0.452053233469396
"891" 2.16099811048752 1.04315968655056 -0.0128451156526388 1.85614796755021
"892" 4.35782987469290 3.68925410492132 0.356583057148334 2.59849319668193
"893" 3.58427677951699 2.86635930898463 0.326553848177066 0.809541154706741
"894" 4.12013434964627 4.42656267048608 -0.268173088380678 3.38149731628592
"895" 4.99953345716097 7.9546297065059 1.96498124912975 2.95753282872692
"896" 3.65115179430319 5.7096201302576 1.89959667918180 3.82374801399535
"897" 4.16463888738809 3.41413549267941 -0.0871765225450623 3.17315305853832
"898" 4.72351152617284 4.8080416444176 0.970143701384155 2.65269360737845
"899" 1.52777596814103 3.60047247210459 1.25539937531538 0.231827306553718
"900" 5.2335196424989 5.77308985797172 2.52431839208526 1.49104991137701
"901" 6.06500658764732 1.7689896484315 0.761996086904191 1.43134357241250
"902" 3.79784441115492 1.35772097307372 0.858701536939880 1.60425661790355
"903" 5.20820997309353 6.51149551997717 1.14988807631321 3.67934115330058
"904" 5.20941529119933 6.28711471360144 2.25207978259966 2.38279695919499
"905" 3.61994209007706 -1.33213271222388 -1.28931076580607 1.58446809171605
"906" 3.53011836929076 3.53537091372190 0.269376693716699 2.32774639443571
"907" 3.20643296933944 5.06804824434838 0.919745318989116 3.20845520856829
"908" 2.21405679669458 1.87682511566174 -0.814683187287901 2.23933613710282
"909" 3.34823757041269 6.15420807182801 1.55184294900916 3.43909762448750
"910" 3.12122080310765 0.675591894093237 -0.112175631707264 1.30614764781222
"911" 3.63325382937255 2.80525328091958 -0.00396772132298961 1.88819944303182
"912" 4.94105503699032 6.10934772353234 0.879844315449049 3.36982108027531
"913" 5.10579167379153 6.43567683677779 1.88623272430233 2.95739353295015
"914" 3.284048756933 5.999981567867 2.1178235226369 1.7987508906048
"915" 5.26074250765694 7.08857704437394 2.31091653544564 3.39273912894488
"916" 5.6085245169358 7.32095855513203 2.65072013622735 2.08692990451706
"917" 5.71670499866902 4.70653426360938 2.33240685377406 1.92769872985477
"918" 3.04235536658985 2.14321069134279 -0.905808664929731 2.4397607780354
"919" 5.27266834575293 8.81579258724895 2.72737127631098 2.90401727448471
"920" 4.07869567918735 7.15796177607077 2.92028607061067 1.78811298638071
"921" 4.61901309920072 4.11638231382950 1.16818227289889 1.42333311316561
"922" 2.97365555440699 3.95440165498143 1.43182261027257 1.28735701922861
"923" 4.43316720980722 2.20847649008676 0.982632578032973 1.46075790042911
"924" 0.866131083047378 0.164097663996962 0.348986835729181 1.03430298222129
"925" 4.76553836179551 1.87014051106704 0.375474808993912 1.63781096969269
"926" 5.07520108698092 6.63808265613816 2.12226407502285 1.42407791568193
"927" 4.53597860634705 5.8400341640363 1.69707231822533 2.30823180938133
"928" 2.8874670894079 0.671868018360450 -1.62785396472324 2.54731643361225
"929" 3.42032219160815 3.19205043459133 1.31558858904929 1.46463091890600
"930" 2.27698063476199 3.86270198782988 0.756733660979417 2.46131761791669
"931" 4.93199885814505 8.14985941513647 3.44577945734401 0.155214112184265
"932" 4.14298511115587 5.27940764073424 1.43859456489318 2.58468686275787
"933" 4.71399768890615 4.61103744337380 1.02683615662354 2.56206505612339
"934" 2.24537589512172 1.14499852114511 1.24234050073524 0.183030094440016
"935" 2.69752245257047 2.09025675639003 0.0469658415949672 1.84674752288186
"936" 4.71403310303538 1.50735500839508 0.819477401188511 1.07344742020264
"937" 4.75492816119938 4.41879172159852 1.31175872446984 0.53047629603236
"938" 4.26672882219846 4.07404205542211 0.945397805570717 2.24651102329746
"939" 3.79848850023730 5.28850863401592 1.49181641196541 2.60751542058467
"940" 5.58473469148966 1.43085610000922 -0.317539736322366 1.82045602621286
"941" 3.82490481087335 1.87857240787147 1.02357648891544 1.37035632152656
"942" 3.82843720361835 8.1323281647709 2.53160023020161 2.54629805496824
"943" 5.56992649800158 -0.173233209096530 -0.818959478627522 1.91748491033618
"944" 5.88773793030429 4.04861643128195 2.03231960579272 0.423569567753497
"945" 3.13246488269141 2.69057757956338 0.0837235514545739 1.48010071220617
"946" 2.94074196030553 3.78347872663194 1.58296378252563 0.384183517104313
"947" 3.99131841176706 4.77808709686804 1.41164057313996 1.73736975594315
"948" 3.12788720636407 3.28037347580021 0.826922740313226 4.22369317344852
"949" 3.81292626557466 5.11396492337195 1.67666072723835 2.44948586575012
"950" 2.58329725243933 5.39039936428483 1.28989611897311 2.15794871769461
"951" 3.80239420105091 5.39794254056699 1.52617911150542 3.30643772231856
"952" 4.48362839166143 6.75817083894784 2.71073683756369 2.28493909266083
"953" 3.25420922759233 1.27001579052880 -0.111367401842524 3.19246909288238
"954" 3.50044467551943 2.29931770725907 -0.00102897985106432 2.59200543076969
"955" 3.86246130588036 4.82800429800961 0.812110199103281 3.65405672077704
"956" 4.17124519641453 6.32690066806772 1.51598238308636 2.20980832101868
"957" 4.5375771150569 1.59968773053369 0.216583286161488 0.317209193028166
"958" 5.16887716587101 4.59472512883042 1.59762288621167 0.964970692599026
"959" 2.79624615730699 1.16928809818375 0.722158267540525 0.50496538364933
"960" 3.19616169543660 7.59804805154754 2.62919419631112 2.61324747319845
"961" 1.52997360380723 1.79235108318173 0.735287773039679 2.26560849272535
"962" 2.2892604204404 2.79397253892612 1.01349539442849 0.84802840805465
"963" 1.71052930730464 5.46114535616969 1.17716089059947 1.72908344746264
"964" 3.60984065912915 1.53813159572403 0.99979794413144 0.82163865708671
"965" 2.89130096000389 6.76202909885532 1.91387156627368 1.58210926931300
"966" 3.49448106495921 4.09624719487419 1.70324241310600 1.49101312963899
"967" 3.38708120234111 1.16868435089909 1.08381518162932 0.46933208696255
"968" 4.63766420231041 1.61641882687521 0.833511996793136 1.16995157467451
"969" 4.32779922326609 5.99962100609169 2.17454364914834 0.95745273241023
"970" 4.54416045181797 3.70587496003574 1.14269343435078 1.55735994292143
"971" 4.36977539427098 0.866272523153008 -0.272755768713742 3.12074457126617
"972" 3.62731020502912 5.28216317122729 1.22849096038484 2.62734069905276
"973" 4.83610185969415 4.26231744130516 0.636117346607598 1.58690185467167
"974" 2.57130567540329 0.928977350503797 0.5357309990408 0.534639976493732
"975" 2.17503833669878 -0.396008794757069 -1.27397659132301 1.56143302761772
"976" 5.5611852073869 5.02075292808848 1.33705134567471 2.52023097184814
"977" 5.48514223755151 2.71336538789895 0.638565039172123 1.56366161126089
"978" 3.50824446277939 4.30652515409848 0.978447908576153 2.49032020180496
"979" 3.60688664245175 2.64158961767530 1.63382544815820 0.82096516969095
"980" 4.33635964565222 6.09454539738821 1.88016451051300 2.79502638404412
"981" 4.74067624970865 7.80579130979843 2.96254976364003 2.24998590724757
"982" 3.6707910160159 2.58261045922976 0.0507921423224047 2.70291543311881
"983" 4.57628323516279 5.75642547005814 0.785475010231312 2.78684710743857
"984" 4.44295927650391 1.77614162739089 0.899858607792082 0.398235235421666
"985" 2.95043281385559 0.486112111441435 -0.591099302285986 1.54317452322438
"986" 3.00027915919112 1.22639747759132 0.243088775456135 2.06745228991092
"987" 3.01796385723271 3.66265712206737 0.559216579765523 2.99323442274886
"988" 4.96664973450633 8.41922292862244 3.3590558935699 2.96831409667163
"989" 4.95496321234194 7.2943128865407 2.96197568384213 0.318911577725347
"990" 2.82434111041944 4.26349924310062 -0.233622846528548 4.0229809464424
"991" 1.66163546817527 1.37850937894874 0.727199479021258 0.293911335958521
"992" 3.67490370753287 2.99877447509213 1.13563318801060 1.05498553575463
"993" 4.75253666404975 5.46108563512315 1.22416903370824 3.28056124800904
"994" 4.74496018621412 6.65731358232432 2.39938582244379 1.44671848755524
"995" 3.23361424660125 2.18457759009297 0.814019939151747 1.31425321373869
"996" 3.84868977275712 6.51588415904563 0.883677272739223 3.48778690211210
"997" 5.29247110510733 5.37414723090899 1.20276161202290 1.84430598217673
"998" 1.33101193766675 0.992481037424247 0.122338886665170 2.45569294808182
"999" 4.15950346044138 2.27036487167399 0.0662178372107561 2.26132018727758
"1000" 3.80746881694539 1.60652699100385 0.0223374353947076 2.72139363546471
