"x" "y" "z" "w"
"1" 7.2998507208448 1.40146553115727 1.68999207340114 4.9791552348307
"2" 4.86603782956832 0.34992124764864 0.562040165768634 2.39671192337452
"3" 11.5847816294046 3.10402522602691 2.08630637312434 7.15171133711274
"4" 3.1182050735723 -0.0960508954564901 0.589711116540399 0.802231676041007
"5" 7.2884016397576 2.04100678929738 0.925239767361334 2.34950713276268
"6" 10.4776742161770 2.51886022032227 1.80466077719028 5.7335797719451
"7" 10.4177183239971 1.91046364841112 2.25985972892966 7.19838863269493
"8" 4.88195353670137 0.487648375067286 0.401340430315081 2.21408576151907
"9" -1.27418032399989 -0.487516470741431 -1.09177524902061 -3.89473783632953
"10" 6.60822621955893 1.26772047463427 1.38866054412842 4.00363797412538
"11" 5.87872266943961 1.19043086081099 1.16503934510607 3.50175251773892
"12" -0.198652108102670 -1.73876898725171 -0.60764315684205 -1.14702968699403
"13" 8.34047361327255 1.61101325300296 1.72384083479676 4.69140858340672
"14" 12.4924204521568 2.06554165764417 2.54017730569276 7.45648923522809
"15" 3.03474023276906 -0.138309215842256 -0.881357300020673 -1.41965808427928
"16" -0.347750344928249 -0.91554395043204 -0.223067067218422 -1.25615694910161
"17" 3.58446306496975 -0.522036663609563 1.42801769621240 4.26912341684118
"18" 3.26835328378160 -1.05558625756352 0.116348031687791 1.41056000695614
"19" 2.52073990122041 0.635349459940961 0.27894394545245 0.623964869885664
"20" 15.0326842236009 3.61033011945064 4.16822673714848 11.5526658531303
"21" 2.24071407565542 0.288224055733795 -0.157396938193899 -0.262450440699934
"22" 7.20484592877205 1.10654244802407 1.83562045101334 4.7444449019021
"23" 3.64555022208337 -0.415099198822502 0.0254076938382501 0.322789590485677
"24" 11.2170615390228 2.18957411276747 0.775825270284213 4.62815890147419
"25" 11.6198288047063 2.64655106512045 1.65660236929469 3.44987395436336
"26" 6.43414245505211 1.24840444151973 1.25613305674511 3.25058869998929
"27" 4.8812304835331 0.675538312832615 0.478251884551566 1.13282318358515
"28" 10.2984871017213 2.53530092927281 1.04486015097001 4.47640274709358
"29" 4.07557112191583 -0.348804873087700 -0.295071800556390 0.0239577209818862
"30" 4.92274841638395 1.09197682233957 0.0212615968865904 1.13846892655454
"31" 6.53842918611837 0.580728083508164 0.92651039261474 2.61753448602879
"32" 3.71400975592992 0.700555614112809 0.105391653088012 -0.571283350911636
"33" 8.30911293089133 1.80529288323346 1.98720164746260 4.4994650964474
"34" 0.210722838530869 -1.12081648465396 0.225873478763571 0.10136720095125
"35" 13.3995294444844 3.72960484823039 1.99980675771506 6.72758272448317
"36" 2.07902329054373 -0.83824655459773 -0.173720291202087 -1.05553036073916
"37" 0.402185267640998 -1.04883300137551 0.244060924992110 -0.634721352899517
"38" 1.43016416133573 -0.473028861944015 -1.03726060349113 -1.37386629871910
"39" 6.31438005534418 0.60170656127845 0.915887688271436 2.38793000422288
"40" 12.4609491319626 3.27012096029884 1.41663499629966 4.45269952839143
"41" 0.866569748353953 -1.05198177884089 -0.440303663086185 -1.35969328640480
"42" 1.23404649944997 0.235477021770978 -0.382819133102688 -2.16308672109524
"43" 7.15285322570495 2.5563922175522 1.64684943571512 3.84831656235455
"44" 3.70463031880799 0.367950338620024 0.435451717695974 0.751646334851407
"45" 4.66500907353071 -0.269095819298914 0.178253835002936 0.293009995640635
"46" 6.37306881570355 0.460078328726028 1.37392921799279 3.53324316676793
"47" 6.21254543129216 0.818564810219787 0.968224967475253 2.22816276519804
"48" 9.80757838863887 2.26833664128791 0.680385253215144 2.02101975222901
"49" 14.3863501536842 3.82331164489914 2.22390041417181 5.71736116972376
"50" 11.2502168400011 2.60429563507711 1.28176175605055 4.46807359740036
"51" 14.4018347357592 2.93893784499996 2.97766318017914 8.99257643960627
"52" 5.94713394410684 0.999022250842826 0.827235023856905 2.71975518322043
"53" 7.82116990186327 1.46137019528056 0.667040376118946 2.99770537439738
"54" 9.4569952527269 2.02245074107311 0.84692635556199 2.58173936018185
"55" 1.81456784087208 0.128934631896009 -1.02969478458173 -2.41539407626587
"56" 10.9489813644185 2.81375401420222 2.39069526020466 6.06660147626543
"57" 10.0753532361162 2.30912385756235 2.63902931459197 6.8841167860632
"58" 3.07155804900584 -0.333969543696834 -0.40532644593706 -0.347724135449640
"59" 4.57723113101306 0.148866843268805 0.47991036915058 1.23330003766704
"60" 3.41969475204572 0.904485866896146 -0.192236079451192 0.07926215214178
"61" -0.400025435420719 -2.26766350740212 0.267144792978259 1.48592597326447
"62" 3.88860233453671 0.343015442700772 0.748994319478595 0.920103914437484
"63" 0.78522701729363 -0.815838737567149 0.132925371723225 -0.111654812260693
"64" 12.9996117352486 3.22434779957452 1.74590134395365 7.32017406734594
"65" 3.44404283110758 -0.510745019133385 0.0143822884906487 1.47036408252098
"66" 3.42603908703814 -0.25821152751469 -0.0384006332001072 0.498816430552025
"67" 5.91688265345804 0.690211531498337 1.07428082343321 2.74830071053243
"68" 11.3539518101913 2.57561354054502 1.50448702634200 5.80781248585293
"69" 2.20251069121039 0.593711031901113 0.0901433085300781 0.37086559937979
"70" 3.80210767635195 0.536002952282739 -0.114731754740229 0.137677012509734
"71" -1.83221010347920 -2.04941601917632 -0.780198733631676 -3.89903374112577
"72" 3.42996284992957 -0.813533755332087 0.558201659461724 1.22464794288611
"73" 8.18802270028177 1.64422241747025 0.272857168901881 0.978784365920578
"74" 14.9737684976492 2.77265488577392 3.6182845408904 11.5284637551312
"75" 8.83126853331224 2.07982822510442 1.63781470720717 4.61592484261727
"76" 3.93499617059284 -0.199897315286917 1.22753933494753 4.69314272167441
"77" 9.54258410084977 2.02932089930046 1.43238760635037 3.79917852609793
"78" 6.93768366641142 1.37120663296199 0.728699522202207 3.55863139710209
"79" 11.2191406718026 2.71519106817797 1.14545334242562 1.70415870196261
"80" 8.31648073410634 2.32265994381778 0.9485242396378 2.91438025863169
"81" 1.74346627652389 -1.34017025062989 0.431260753768242 1.98188067664522
"82" 8.62167026164458 0.717508406732011 2.07462444601595 6.62971176314554
"83" 7.7151045320819 1.75485280514758 1.13565968640951 3.07639619041115
"84" 7.81090448739647 -0.00533192218105816 2.557184084763 8.24022054589614
"85" 9.7981626075881 1.78103791066411 2.18980960100561 6.24878130877845
"86" 9.2246850191404 1.58904727404098 1.87302147174128 4.27963509609372
"87" 4.42276104788496 0.411952163706776 0.678267202215241 1.19428051843642
"88" 13.6105082005640 2.431938213731 2.46700489760602 8.11822627534044
"89" 13.3008415084047 2.04053824368166 3.02483350358322 8.09183280577228
"90" 6.85775438112 0.824350969988484 1.37817346840668 4.33787779156072
"91" 9.75189311491373 0.873421488340891 2.42435314180345 7.1054370488511
"92" 2.44766160623149 -1.08320751686763 1.37263184572721 4.31747395759920
"93" 13.7301820062333 3.72953683859404 1.61829908208757 4.88403176537554
"94" 11.0709102071006 2.16642785273919 1.24621271031769 5.36741271078899
"95" 2.7742246244809 -0.592293852186178 -0.405034804070043 -1.57220391456739
"96" 6.26138790971511 1.17189146663400 1.12201415309994 3.56442549728483
"97" 5.43587139133689 0.680461953640562 0.657088680299376 0.881799378731898
"98" 2.53418435345646 -0.178847711924736 0.426885314338005 -1.54235284361215
"99" 2.92865937227085 1.18513260303912 0.224023662464738 -0.952460309840387
"100" 5.79955459823191 1.54606137345507 0.586037381760054 -0.118326168085048
"101" 2.71693448665274 -0.554743267729656 -0.184871379826584 0.360803523148095
"102" 8.08001571234179 2.16176130685455 1.27728815152069 3.13464799764527
"103" 5.54666636988158 0.623302117393332 1.19076601986415 2.6487154382856
"104" 3.81786331142652 0.773703201842632 0.110629065441098 -0.89293957568284
"105" 3.61795446459042 -0.354543035075681 -0.131036225917727 -1.10973394295213
"106" 9.61420016761108 2.06977076151271 1.94329195855347 5.81773183040586
"107" 3.40890673477279 -0.201281157108085 -0.149794023805019 0.873908049050741
"108" -1.22687594682099 -1.70937578672253 -0.592218061240731 -2.04944475074913
"109" 2.28155606159021 0.0434127376594046 0.187004730285491 -0.247870043163652
"110" 11.2473659343287 1.78006506135326 2.22802492970872 5.19911590938678
"111" 0.923060428240573 -0.3089724792068 -0.348358499554760 -0.752796732658821
"112" 6.33395155606089 1.86649247623094 0.585967606689429 0.714023917695194
"113" 7.58360585003673 1.83973230698576 0.60973273829718 1.8125404007882
"114" 7.03656485791214 1.61900633975161 1.62075780134607 4.79696759910112
"115" 5.6283648036557 1.91382298050044 0.351162986842297 1.64494348360155
"116" 6.9561760005516 1.6002082951891 1.06573625910887 1.92665501395956
"117" 11.0608635510298 1.71117892947473 1.89125959874457 5.66649493313291
"118" 0.430903039560374 -0.666230778200675 -0.690830913140326 -2.07366806190865
"119" 2.33500839800795 -0.159416253897149 0.467884772008366 0.8645321033859
"120" 11.8210738887400 3.49037015386831 1.03811538367715 3.76321925483923
"121" 1.15751751763600 -0.0328455363195174 -0.209022877592922 0.386743867238722
"122" 10.3484668442017 2.6028375597206 1.31635985536497 3.44706571107061
"123" 6.5698075484336 2.06146753055201 0.640367259434997 2.09837630144496
"124" 4.46487981785694 0.522189688724298 1.06473165051043 4.31404828060179
"125" 11.9659125430035 1.92934348534917 2.96055700245628 8.86332118397489
"126" 4.59221348508879 -0.372524760578016 0.0443401193836082 0.50791371056379
"127" 7.03137144051418 0.690893723256222 1.42592002386961 4.08144200398612
"128" 3.68392801045161 0.948465624258968 0.244675001362087 -0.43993383055416
"129" 3.13349073294806 0.233601808564632 -0.402789961423038 -1.58828846731837
"130" 1.13311875921972 -1.13387306456516 0.393452543617284 0.951704643806491
"131" 4.94987089860788 -0.727086590176864 0.613953061013816 2.61851509342901
"132" 11.4646895006633 2.1680339194001 2.57418834176608 6.75363841888154
"133" 12.6130448291791 3.93144269756328 2.57256337886485 6.44006824904213
"134" 5.92445722737966 0.959661109505579 -0.693349577602023 -2.06059219308189
"135" 6.17445783899386 0.886271235161402 0.957014005762932 4.73948346025282
"136" 3.47178325622358 -0.973198648902645 1.90575806209593 6.56716834465328
"137" 5.45776289340434 0.885043155056227 0.730781738356955 2.45540874997471
"138" 8.8489353124259 1.57450319921153 1.65584456994383 4.51820111818598
"139" 6.0221812047838 0.547337326769943 1.04997539632048 3.42759498170353
"140" 15.2357554060651 3.8684901888473 2.28693234157077 7.73731015166195
"141" 6.45544659276278 1.19074202769382 1.15593074183913 2.36795906924995
"142" 11.5689912835984 3.90289824473467 1.67331712298064 3.69249919879716
"143" 7.08891733416576 1.67768500975918 2.24127347269713 6.35285238991757
"144" 3.43105372755046 0.0940897610593667 0.6882150588159 3.49911531634875
"145" 5.02518184283491 1.35989726628417 0.182936504936057 -0.927411970115612
"146" 4.91901221687788 0.382663815585982 0.960449068681063 1.34308853466483
"147" 2.37508825154235 0.377451735313417 0.0990169418177422 -0.365113367762057
"148" 4.63683052867424 -0.408990232130001 0.876422577532903 4.03710754896992
"149" 6.31000080612088 1.01371961669498 0.0839516734863573 1.10407238228461
"150" 10.8857764093643 2.89930735183030 1.17206205081789 3.78727100214608
"151" 6.16820100552589 0.801177897309498 1.68014031795149 5.56680343892121
"152" -3.75219085305685 -2.49728197833054 -1.47362728372288 -3.61877049837089
"153" 5.92311484047877 0.573728836550184 1.82209652782026 4.83279985316037
"154" 5.28378779076512 1.23365851063148 0.657113937750485 2.07258331830609
"155" 11.5101364008744 2.99337770258604 0.677398816503189 2.16976524586175
"156" 4.46766435360423 0.895888620239799 0.580763060236303 1.20905863802696
"157" 10.8803014659674 2.71272481522916 2.23738266309622 6.31669320330044
"158" 9.59316479521332 2.03824880317431 1.65994583690356 5.51190335919635
"159" 8.124367421066 1.50511049901691 1.86206680239761 5.71029284423705
"160" 5.14181668492615 0.114067473275834 1.25416345329673 3.37188934966144
"161" 5.10892903390014 1.00977455242678 0.439370981767081 -0.0389312302807756
"162" 11.3758568071666 3.67028817514324 1.40818168497095 4.49964535946409
"163" 5.7480485737065 1.14763451662564 0.577933317899018 0.695307962779121
"164" 3.37764006217879 -0.266347580148932 0.273929854742205 1.12939646357947
"165" 10.6810535427908 2.99766367139484 1.85939661870353 5.26917205005386
"166" 14.9630647774917 4.71860118575794 2.76133906203925 8.090082479034
"167" 6.54828783202705 0.263352898653288 1.54533328802185 5.04434634952314
"168" 8.19515132790546 1.65575717088234 1.40533504640897 4.86171799590873
"169" 7.78129411025671 1.14986231422723 2.04633265693685 5.37461714962427
"170" 12.2059862490069 3.05476686087883 1.86179043249903 5.59304026047433
"171" 1.79689873032523 -0.454336082885308 -0.845918935211371 -1.89508689979455
"172" 6.58125687074548 1.21828085938343 1.27295350443638 2.85654845918171
"173" 9.91139160397545 1.45818957247288 1.66055650410302 4.85544146143759
"174" 1.95055192495603 -0.365971912379042 -0.425749472104829 -0.780470976523684
"175" 6.76553654832848 1.28952866582664 1.57624019367884 3.38228844347473
"176" -1.83357581563158 -1.55681785951533 -0.713577695527522 -3.41310204983948
"177" 1.45857327699387 -0.857214523166987 0.126079527816032 -0.518714180211933
"178" 4.02461843906181 -0.253663393152377 0.754526815423674 1.76156878410014
"179" 9.29860230150318 2.22022522490541 0.456300333774971 1.55661443437410
"180" 3.72569347611586 1.44629905126895 -0.269341216520892 -0.491255331446099
"181" 3.43111971644289 0.127975200298654 -0.322754062981381 -0.113206976563742
"182" 5.45522574862465 0.480077352087596 0.227020686506126 2.25810342241421
"183" 4.39324155800701 0.541254664837248 -0.223783542234574 0.564015915862797
"184" 2.70932804188265 -0.236204943431094 0.411918999142268 0.908892267471533
"185" 6.28295185946903 1.17336046209114 0.567506426107812 2.30692875686389
"186" 8.92922818183438 1.14274908902767 2.26050288153301 5.42658705841133
"187" 0.129147645255353 -0.902143283363731 -0.357483551937587 -1.06336680351996
"188" 5.68375260950786 0.536140052057884 0.850093823981984 2.72542234551095
"189" 4.19180695635104 0.744387769696835 0.364530579671107 -0.146222881325673
"190" 3.27267237251393 0.186993386453391 -0.100036484830732 0.326020503726537
"191" 8.11889465787008 1.68928077584907 0.882352593221041 3.44368436941838
"192" 1.24332139713506 -0.160575043500197 -0.433290960899291 -1.31403920345389
"193" 21.3518566235930 5.37953556579632 3.77172603429755 11.6638674500864
"194" 3.69677880731295 -0.328104831149310 0.777423806374023 1.64348083542579
"195" 8.96684285103135 1.18063761577937 2.21659058238353 6.02409116886128
"196" 7.99008834604166 2.02495396997869 0.705919873746951 1.9287071909755
"197" 5.29620340827322 0.952431270050133 1.14523221629111 3.74546908085258
"198" 6.36256716067479 0.493068883786687 1.19869940161966 2.31425042551724
"199" 3.06896485246962 0.338831617431914 0.0269531137286514 0.697461919698752
"200" 4.75240065007079 -0.130838301845237 1.29004474821754 1.94872979840195
"201" 4.16672271702118 1.4958817988052 0.648666138320139 0.974965430017746
"202" 3.92600859836650 0.210127566435758 0.454855374105056 1.76366054740762
"203" 4.50231091999581 0.743175396511168 0.0998385257825707 1.19148853006202
"204" 10.5619921404890 1.75794997126481 2.57769530608063 7.85698269206165
"205" 5.35630737381728 0.684307082143643 0.578749417124923 1.95149604488202
"206" 7.88137677761344 1.31851367264815 1.9267127936838 4.54057792608468
"207" -2.00119840804858 -0.583932039276364 -1.42136059587808 -4.99235896392279
"208" 10.3873195001362 2.30857042136228 2.43415455581782 7.96862345803337
"209" 12.7954941595410 3.33388806285014 1.90518540868789 5.66472644615144
"210" 2.65706380438377 -0.181114532521773 0.738583573711054 2.44178479425951
"211" 12.8542641893101 2.52533364511064 2.36578369396883 7.92863621864942
"212" 9.46849928223114 1.66684946213139 2.42138086832315 7.7932822864509
"213" 10.153432378001 2.14367426155483 2.48567966563965 7.82944761401349
"214" 4.54288294630626 -0.438921472574425 0.0205052448160176 1.45393161224841
"215" 9.40649346421457 1.67838600424961 2.33890356195666 7.21096379629956
"216" 3.18514859635569 0.128585749053524 -0.681708713190815 -2.21100568969386
"217" 7.79604993859479 0.246780675218008 1.90052828044192 7.035518973004
"218" -1.29020639571437 -0.940804385426552 -1.25872787627741 -4.48247242496221
"219" 9.11699049520668 2.15914002548585 1.21505469469925 3.33872844389285
"220" 13.4300532959774 3.0999004719344 2.19694636092200 7.57596605297345
"221" 5.0328144239462 0.994327148032552 -0.082722298895999 0.153599236722447
"222" 8.29923160402337 1.55492426520170 2.14052803584350 5.07822593633541
"223" 6.86373782733159 1.06282740828538 0.476412963399748 1.44482246146877
"224" 7.86559927269578 2.54541398313784 0.862525506656079 2.43971659874396
"225" 10.5033292069895 1.5616419623704 1.91776127150248 4.67407672268207
"226" 5.10474033152174 0.206794424030687 1.13107413046272 3.48538073607119
"227" 5.65410120131950 1.43654385094833 0.795010055387473 2.79929568365238
"228" 5.2758638700184 0.234123451313957 1.57494170777365 4.41361770636736
"229" 5.16308172217693 0.272463218106273 0.778019547714945 2.44859494564919
"230" 6.25590766265908 2.04520520696501 0.750975980313339 1.29249250623733
"231" 15.9001552293823 4.41270601642935 3.40403551535667 9.47629456990228
"232" 0.848277995656793 -1.63612119534636 0.674292634758831 1.26752700641638
"233" 8.7879884977706 2.33335854156820 0.433979496495333 3.58885650419202
"234" 8.64942614403156 1.75518949048681 1.31854850302858 4.46230876465597
"235" 1.94781522547524 -0.639724568726439 0.758020610439026 2.8209731725154
"236" 5.22069741005536 0.8420427568856 0.377022583490053 0.572377917779995
"237" 0.424983601604596 -0.738052059003137 -0.759664465518665 -3.03596219517318
"238" 4.11598422981547 1.22681722696390 -0.27924423311372 -0.247812828394393
"239" 6.55183258495047 1.60463228788237 0.662288420810003 1.90563047108080
"240" 5.9412049720642 0.983556837778427 1.17163515663381 2.98351838373553
"241" 3.86870979222518 0.42255869132523 0.374992810489363 -0.0289952688348778
"242" 12.1816822349243 2.77254982853606 2.07890641361143 6.49744006664871
"243" 3.63456672203787 0.57612333689741 1.13015561843147 3.31598133553167
"244" 11.2084132919811 2.69321032530772 2.50051755061974 6.89814246204739
"245" 4.17192884009023 -0.0395264001571449 -0.404787986000242 -0.107072402224524
"246" 1.38883360013083 -0.8448858216485 -1.04509549865965 -2.50295965744727
"247" -0.845995705478398 -1.72640698999877 -0.552284649354407 -0.99799172056801
"248" 9.34062285182584 2.095197294483 1.84936211513489 5.00294420335314
"249" 3.94445095736065 -0.597474532925229 0.71132018888795 3.80623415211496
"250" 2.32721842146369 -0.858117775858566 -0.0686641600142714 -0.858038384706813
"251" 5.04320898747281 0.88782790773078 1.03853108296458 2.90537331719127
"252" 4.49454380085551 0.120022910574942 1.07719533531868 2.68460155995129
"253" 0.370529446213385 -1.41864430140977 0.093292307306339 0.603771784043531
"254" 0.3036233158747 -0.69125158274427 -0.802271152860004 -2.51870652183371
"255" 1.48368900532102 -1.05078109834802 0.515310875890416 2.26890302598614
"256" 15.5953054834325 4.19977846010865 2.55866576843813 8.96133911582344
"257" 4.90952482045301 1.19224098191162 0.30276299687311 0.00387513837444375
"258" 10.0456346977200 1.96122402489807 0.299304657032232 1.35565379297282
"259" 0.929872804203293 0.120755915726995 0.0266185918205928 -1.98568457264647
"260" 7.4013534861646 0.90523865437835 1.26699160406007 4.49216916454462
"261" 7.55254508756442 0.608399682139754 1.37180671705079 4.67179523228295
"262" 6.06399064187765 1.04874588585739 0.706567487795625 2.12395433874139
"263" 6.69977194713556 1.64684337263629 0.670970154493589 1.60787324619994
"264" 8.54065004385845 1.70204857740735 0.849406339529663 1.66519840838326
"265" 2.84488550906398 -0.190176015994633 0.296892178125286 1.43924620856814
"266" 5.20380551193607 0.957268637183373 0.57268120829767 4.55520497011313
"267" 4.93450072276714 -0.245442509339628 0.756126240662131 3.01177640206975
"268" 1.70790887534112 -0.242677974798918 -0.0235032748146999 -1.06800977412154
"269" 6.79066811612343 0.377307996837555 2.63625085327474 7.49580910884163
"270" 14.0275564031310 3.72540268667362 1.85375994721826 5.64735490968925
"271" 5.98131495128255 0.230014933220691 0.834527271611448 5.61233955506228
"272" 3.55509018445335 -0.981479523483986 1.24704894058096 4.15633441342666
"273" -1.21244670793613 -1.50126256862217 -0.721370086724709 -1.45987759702347
"274" 5.64752391091632 0.281280605299554 1.61954850424699 4.97439762510665
"275" 1.47934511370480 -0.354316705885187 -0.311760353038901 1.29266067302237
"276" 5.18636530403001 0.75341039787475 0.36779920869962 0.500167758588448
"277" 2.19830648087026 0.41267968391251 -0.432809597909192 -0.523189699497098
"278" 12.9193948669197 2.87308057069186 3.13673704017249 7.28810737729275
"279" 10.5765588875230 2.59860714238974 1.23501616978443 3.09167195919035
"280" 4.53241734584684 -0.178842947412007 0.785749233567265 2.88117000445065
"281" 8.57861304410872 1.17878680055555 1.95690699932223 6.64563371981013
"282" 3.92768576045460 -0.50062136471015 2.16992848708149 5.77456299531255
"283" 13.1969097566656 1.98198569887515 2.87937362725618 10.3778220097826
"284" 3.42442228114958 0.0166245352417058 1.25712596035863 2.32705489456705
"285" 0.683745549428472 -0.559622675165497 0.0185984382967059 0.837819127733887
"286" 7.08513510762432 1.44562170727727 0.536893741331712 2.2130792195118
"287" 1.13363282166934 -1.07519863976530 0.768748339276295 0.428955804115457
"288" 1.37155661819063 -0.69903887359657 -0.145069702533848 1.64402225063929
"289" 3.30019511643883 0.129091731749511 0.673883526427295 2.93249266627267
"290" 4.45889289744011 0.774319950717181 0.662292310609157 2.13614226056987
"291" 16.4029985318722 4.55584505160826 2.84892822379495 8.38799207391668
"292" 8.20156078857917 1.06938651098031 1.00929326660433 3.07462167089182
"293" 4.92679581887358 0.413837097789593 0.102836440047716 0.57884708488715
"294" 6.73744636952517 0.881698971069804 0.715922759231673 2.14393711976705
"295" 0.563505447341731 -0.466350844278529 0.242387535387355 1.06415252765133
"296" 7.2920961406164 0.100740324898314 1.65318760319103 6.0361780752633
"297" 1.72783702645984 -0.734304915472419 0.771175335661203 3.03360413530628
"298" 9.07518370162393 0.769524139067828 1.97894421377445 6.24215188020713
"299" 8.37163941578357 2.49314849443633 1.48609948453583 3.73430292922371
"300" 12.2824994477135 3.73628977309767 1.75319382861829 3.65684762280805
"301" -0.564831805274137 -1.54610097570398 -0.75936084809668 -2.72389533945618
"302" 7.139170415008 1.50363120392394 1.6834543844427 5.17812293806196
"303" 6.72605619015547 0.340995087654856 1.43368704499500 5.07248088515093
"304" 5.12072226100757 0.553334891833191 0.771834824041845 3.60834921446551
"305" 6.07381022652347 0.189184354022968 1.56151989647337 4.10249007562502
"306" -2.16304020003682 -1.72027605561998 -0.645114413052513 -2.33241248330475
"307" 13.3350177541424 4.49945150821709 2.74996086619841 6.52572528445425
"308" 7.20723908297755 1.22502717903824 1.75884504739387 5.29760655930553
"309" 6.37014514355676 0.417395283337885 0.302880425277711 3.29291084101564
"310" 11.2879326886623 2.85586361691333 1.78013491671253 4.96745529998715
"311" 6.79466113893784 0.607032251919523 0.847320886617045 3.06461884203743
"312" 4.23655000105636 0.446321125668738 0.904324592593232 0.903284945677615
"313" 11.7133988458431 2.99777712889195 2.04125997545569 6.4228107281104
"314" 1.05689746564313 -0.939218042993374 0.194330532675083 -0.317339113460742
"315" 3.15234958423123 -0.136220202056062 0.688016627780846 1.94722261193362
"316" 7.63355339762737 1.43103889144428 0.636666825152964 2.27498015331605
"317" 11.9442705216506 3.00282393231905 1.80947926155502 3.50164290460846
"318" 4.02777206073355 0.391171470001829 0.411575871115059 -0.411473074682831
"319" 3.51015444966487 -0.0256954150328752 0.122762501230468 -0.87992448805643
"320" 4.19870232130197 1.21570992266377 -0.000170249493261165 -0.545497320484667
"321" 4.78338038130907 0.641173619760269 0.203614034986471 -0.28015094265859
"322" -4.21426053680992 -2.67543282829415 -0.332612776876806 -1.73661737386831
"323" 4.30464511804848 -0.0677332610232865 0.866264895828403 2.65156678072245
"324" 12.0848900779698 3.49829502382661 1.87559012102525 5.24279546589379
"325" 5.51429149381814 1.22262291032778 0.83168949933695 3.14094629949637
"326" 7.64663679381661 1.31871093829167 1.53551797498965 4.06966812084702
"327" 3.89131887458926 -0.224549823467711 1.71898028007684 3.74455740582435
"328" 5.65047143313842 0.60404057318563 0.665216042881474 2.04612068811836
"329" 12.5845725195431 2.49533018622216 1.78474417773350 7.0457499907206
"330" 5.85272440093933 0.891456561329917 1.41112168583247 5.55225592948871
"331" 5.09489013151575 0.872810805350723 0.634449666655245 1.23163206739095
"332" 3.47416165772626 -0.129501251438792 0.186288845128769 1.83947473148754
"333" 11.6394587218723 2.97758205338612 1.74564940137211 6.77936372953682
"334" 8.31049181961598 1.58358015652510 1.27185819675927 2.96202425505273
"335" 5.12825822044094 0.5329426954041 0.955179141579589 3.22896871215934
"336" 10.8900773722622 2.184661617138 1.35983857318574 4.56701774485754
"337" 12.5773385396740 2.61893638630344 1.80319060694314 5.90600576954402
"338" 8.27302878253341 1.74403991663271 0.954703792534558 3.18081882477764
"339" 14.6526334735574 3.69807547509838 1.75814179023952 4.6278569244449
"340" 11.6456616958122 3.12159952885568 2.10673481231736 6.2329292263106
"341" 8.07851724281042 2.01963712815067 1.52624790300251 5.7895221153462
"342" 0.366056174513377 -1.36343255559570 -0.181792860023084 -1.11161394516729
"343" 1.07891235149269 -1.46098450391494 0.658864219001445 2.45044181732412
"344" 9.7002957203674 1.70761608858061 1.58668934307315 3.66875706651983
"345" 6.25495157110858 0.452364643473058 1.24439855959396 3.70777700868721
"346" 6.2924043823546 1.06597747762144 0.49417331956728 1.55417245340158
"347" 4.87989171510767 1.15338753830238 0.330185555450937 0.704153054101838
"348" 1.45117662997642 -0.181530803820251 -0.374196617378344 -1.58292152685067
"349" -1.71035304258744 -1.88978689837514 -0.80046801883698 -4.07813543487369
"350" 12.1281215914909 3.05159525084395 2.30744145025308 7.02789822750751
"351" 7.56475742263045 0.863547175466556 0.745643772439634 3.27838269112901
"352" 1.47184505582687 -1.38331898355421 0.087767027347574 0.293351292995214
"353" 12.4738765830327 1.91412992423008 1.40337357132533 6.96503775276103
"354" 7.91289022822052 1.27360201655173 0.892215847597368 3.67889968077605
"355" 7.83835563633012 1.09648289213845 0.928863655686724 3.67799424817054
"356" 13.2737012027864 4.06130823130602 2.57398834874131 6.44884084516117
"357" 7.04800289030572 1.92209218759873 1.42509520690221 3.32649834807147
"358" 8.249395645566 1.35087105037588 1.07097369514161 1.68065100705636
"359" 13.6859200704968 3.55016669634785 1.57470217998976 4.14951987477913
"360" 9.89739417182951 1.77705754409805 1.69084885402504 6.47213700504356
"361" 2.63482867840651 0.029181115465451 0.352975540534812 0.7642406907118
"362" -0.358603200787032 -0.845483923140056 0.0292176547684161 0.313432490249793
"363" 10.1077085702142 2.47024988142102 1.14002500876572 2.93848871372595
"364" 9.61667300046997 2.24214720512737 2.23362528133099 6.7937461631528
"365" 2.99762890930011 -0.263189555501535 1.61022816467826 5.5518177010744
"366" 7.30170449371105 1.36412131016625 0.538110934807888 2.5892864699041
"367" 11.0357196786664 2.87820891417147 2.13266869122808 5.98233876466914
"368" 7.89683369565854 1.87891904346478 1.7271959995995 6.2167105411197
"369" 10.6064102739299 2.69986688867539 1.96259786093772 4.90365709327735
"370" 10.0749388386320 2.59595264859200 2.20098978691962 6.58667500326906
"371" 6.00435644325053 0.768451231697374 0.863104142886573 2.37261081358997
"372" 2.87514055627275 -0.999739582737747 0.649225572222228 1.67132303987507
"373" 9.94261065991287 2.29392038620290 2.37818986134129 7.68000758030404
"374" 3.99834199015262 -0.290073886230218 1.01824852888359 2.0331727371382
"375" 10.7522630708703 2.11467839204689 2.19026897600817 7.4213097903562
"376" 7.25140108065722 1.38710063621936 2.00025112196564 5.07271025524473
"377" 4.13606566419585 0.150636996475120 1.49920667827145 0.581634585213227
"378" 4.88027657872965 0.256872632503932 1.07127726479425 3.55696234849097
"379" 0.33305283365521 -1.97653925615099 -0.0606841519024395 0.644264392757102
"380" -3.26220335185975 -1.63594406431854 -1.42013326141939 -5.32736683072046
"381" 9.81084232412778 2.45426017353295 2.00717526295095 6.6114259608638
"382" 1.07556919593597 -1.39985184396328 0.485921229860187 1.65062176846991
"383" 3.77651579211157 0.460577960911905 -0.431364433237033 -0.748737658555377
"384" 4.47152933678942 0.9233817661372 0.186917674583409 0.454113180138836
"385" 0.0914811242535785 -0.512773665080388 -0.157964847005126 0.874185693352005
"386" 5.04640980362989 0.0104190620769997 1.09607935345366 4.52454543347360
"387" 3.49835924223283 0.0542202703925251 0.521412899315933 0.0947887062378907
"388" 10.9006658516271 1.19869768031786 3.16225040738580 8.94591721785225
"389" 6.17043441066528 1.29520219638337 1.13383777401778 2.83199830941313
"390" 6.06435190499413 0.360447398983277 1.90850131593698 5.88978585995611
"391" 12.5910535717444 2.83210711705749 3.20238424924223 9.4146912043968
"392" 8.01410665520883 1.61778989592537 2.04527154755541 5.23145304146809
"393" 7.8449246757976 1.82860586239663 0.888283607657783 2.24781962752646
"394" 0.848069427510804 -0.807357112102873 0.175827634691496 1.32580641796031
"395" 5.21738454342446 0.47411599964341 0.803902174219304 2.46738461386211
"396" 4.91079969890451 0.75694980190094 1.0791026344915 3.03225244574477
"397" 10.4836764517332 2.45554136512578 1.30756832577344 4.03370976511716
"398" -2.07705381910726 -1.65367800375123 -1.50387137364795 -4.90326387978661
"399" 9.22192133981731 1.62468238485530 1.35201915027096 4.73381521526397
"400" 3.19046895689685 -0.682119019408754 0.341215889014136 1.90492829744032
"401" 17.8641175365034 4.70720368881983 2.62510577623416 8.45044239193519
"402" 1.49146092966043 -0.400892766065746 -0.291185870747106 0.537864160022706
"403" 8.3453699490093 0.939924016828686 2.38812367044979 8.4583039691386
"404" 5.61160844864782 1.32830331090477 0.486639193016019 -0.242105179767416
"405" 11.6149077550925 2.04153630536758 2.85093772097673 6.9610661938434
"406" 4.33054502516167 0.124720285891752 -0.0199911444208463 1.36771491668706
"407" 8.64919296669448 1.79424601993711 1.6963904513264 4.25742790533713
"408" 4.82564177760207 0.328058094537659 0.783713423020423 2.3323272501314
"409" 8.67609567696169 1.73000503701535 0.76025017352222 3.25515175165494
"410" 5.11256333196854 0.55231204437249 -1.05715156593882 -3.98450440656178
"411" 8.17628029963233 1.39475242773064 1.55346903796580 4.99423544174096
"412" 3.96472991585573 -0.214652743073726 0.0729059849647956 -0.249656178923011
"413" 6.46068068662408 1.00077286859748 1.13175918928160 4.59120753847284
"414" 7.51398620412959 0.7892126488799 1.70338671455543 5.23754684494692
"415" 8.04466291664486 2.29146754892605 0.99850982572381 2.71427394722227
"416" 4.35295553134151 0.689863140597022 0.205015108399253 0.139229516745849
"417" 7.26887855696917 1.28370221225489 2.13993857025728 6.99791083353638
"418" 6.91136455755307 1.76657190548241 0.555165508375248 1.01724835826871
"419" 5.16087884912808 0.438410432315825 0.989462700815216 1.86311348781204
"420" 3.88454811822895 -1.07834368398919 1.02103245203975 5.21983985145657
"421" 13.2102924361533 2.28726119510565 3.25739103996474 11.609321048657
"422" 10.3196351356803 2.75647610619627 1.33167067039090 5.52108986573112
"423" 5.25971270955875 0.180208027961037 0.588681632008804 1.09923596317499
"424" 9.9656193379823 2.07367833971086 1.15477893388967 4.55253774959048
"425" 14.1219500275304 3.15095798268907 2.84755431260150 8.89427824564582
"426" 4.08706808991194 0.669871507315634 0.458657722055566 0.95694629916905
"427" 0.405497388926504 -0.418235243161768 -0.210665152382035 0.632900609079298
"428" 5.37162872171617 0.802825974107269 1.56689132467833 3.47807118517251
"429" 10.5458690835737 2.95944804331873 0.195477661864013 1.79161884655065
"430" 4.31301089719762 0.999576964760891 -0.418442285069073 -2.76997753316254
"431" 9.72971573197624 1.85819390497631 2.09052175697764 4.78860659604737
"432" 5.12489348076118 0.936053621032475 1.43130440716092 2.13236240980689
"433" 4.25229500593287 0.276368320095601 0.507718644531218 1.23965325224052
"434" 3.41303179445438 -0.470134161751431 0.775936462733747 1.27387805060369
"435" 5.56342114373904 0.374819265394505 1.06868146642893 3.46317820566004
"436" 12.4347779906608 3.03374711522738 2.13294624827684 6.30902498047306
"437" 8.15874949153895 1.13281817305877 1.22630996686899 4.72604822425986
"438" 7.2323408573312 2.02147443526255 1.03034131094354 4.52886916746984
"439" 12.766892299049 3.42160187001544 2.11045553559707 7.89810553012429
"440" 4.75496483039995 0.0361374486228994 1.46820635183732 5.77875078349811
"441" 11.3803932123019 2.53200800994409 1.56154502494818 4.76599757012643
"442" 4.66852686557562 0.898315827718494 -0.30169183362846 -2.04103596459844
"443" 12.4793997379816 2.58808225462645 2.41640724034785 7.47150510750793
"444" -5.30644840523801 -3.56075610390693 -0.909115928659547 -3.52900422213445
"445" 7.57149599230572 0.908272360201466 0.0202749104279775 2.21555472512571
"446" 2.31451190044766 -0.65587814668425 -0.282476725969111 -1.16109872461287
"447" 17.0237863188998 4.85307557751752 3.45457839933173 9.62482928281053
"448" 1.58487805451346 -0.21663954230994 0.0234062906738954 -0.566517686750527
"449" 4.09785046892950 -0.346054561824422 1.41745335434796 6.53150542158883
"450" 12.2800064477716 3.17912836096745 1.38260881422916 4.25523052081754
"451" 10.2205304082691 2.01798572876195 2.57657186421658 6.35965996763925
"452" 7.56802280181284 1.67877290464750 1.3453596315363 3.61115261950974
"453" 12.1025645530269 2.99827382772605 1.59063161763742 5.74809300299779
"454" 3.79728463341873 -0.249793009627732 0.846280245224468 3.10768257732962
"455" 7.39150219737796 1.57942667210347 1.4678190140325 3.71483050311876
"456" 7.70356475284961 1.97145476544668 1.04507607319582 2.51349746763761
"457" 10.3042477352204 1.25791867449697 1.67683501076001 5.24566361894842
"458" 2.26889034952034 -0.551642840327902 -0.146698155837094 -1.10727854836527
"459" -0.247162546195180 0.0833923482892981 -0.83932393547445 -1.89702450001621
"460" 10.8246221003176 1.70264618681574 2.07355568960518 6.5973381556995
"461" 4.01818585677449 0.211315665381509 0.836160007926746 2.60263497635363
"462" -2.02884299508977 -2.73909112166532 -0.0667662885546327 0.115103179429908
"463" 5.46094400638092 0.672879370436738 0.244958883928547 1.68119491725736
"464" 2.63417906971101 -0.767191017776231 0.0496818235977957 -1.02253143725277
"465" 3.96450731581813 1.07090026043368 0.539428121169145 1.66893115960229
"466" -2.32590134284653 -2.31042241116629 -1.36477739703058 -2.58510459160264
"467" -1.09420789575541 -1.07294218092454 -0.289880660424561 -1.54156533573944
"468" 6.45878437760614 0.638459120395326 0.739956669311012 2.21003860516778
"469" 12.0460953402280 2.58375125571653 2.18360647542745 6.91302407694466
"470" 6.32636744432663 1.37024863794371 1.70701526401759 3.40915776680814
"471" 0.34341446099246 -0.922241911658036 -1.18452419942432 -3.74759749867331
"472" 7.44230181549415 0.907968949569211 1.01311053842126 3.01321675858336
"473" 6.95994565770059 1.00030147412798 1.81455447474986 4.43370662439009
"474" 10.4670451186607 1.55819052056718 2.73302141641079 10.0954474417202
"475" 6.46045199927025 1.38799424620318 0.620013785762105 1.69073587800219
"476" 0.495564935498256 -0.296158308023391 -0.491704576319808 -1.98574675711956
"477" 8.1430958943939 1.48727498851634 1.72913170466435 3.54959505156821
"478" 9.91929999178907 2.30063179220381 1.00941408223766 3.41723279900563
"479" 2.83751774996656 -0.0951718231939436 1.13316558693015 2.58168107024055
"480" -1.48741879316235 -1.61139568325108 -0.487688660462518 -1.54482600790946
"481" 11.0078647661156 2.66690937138917 1.54270557931425 5.00706066510778
"482" 7.55509686053963 1.16093082999521 1.18829682671625 1.85098646048759
"483" 2.57406762875321 0.607919941116814 -0.506006432291096 -2.54301003607799
"484" 6.9879154015304 1.33004548770180 1.31629538900724 3.05464710578504
"485" 3.93383708498958 -0.156241644437239 0.368203894000825 0.484859470414845
"486" 5.8618023345321 0.341258875755661 0.720152812692512 3.20865388576875
"487" 5.37570951892483 0.743616675404721 0.0975805019845478 -0.0521772670688079
"488" -8.05359454650457 -3.23699038957885 -3.04160581641767 -9.01618302472057
"489" 4.24308222096246 -0.250936343207787 -0.206133631035684 0.190316652316037
"490" 2.86011890916994 -0.300111852084972 0.297875359514833 1.55861967100548
"491" 11.3263194555037 2.64086880531578 1.75228084645763 5.36385480526172
"492" 6.08730487823404 0.594299983704453 0.459039674570684 0.537472896346693
"493" 8.37655491048071 0.934434184165467 1.63346850887375 4.80125973375969
"494" 3.74970388929513 -0.524393261281842 -0.287797710420365 -0.953415119526393
"495" 3.97172252961645 0.0183158366971672 0.188469489603518 -0.777715402716802
"496" 3.58000537459874 0.337885474175466 0.81240697546461 3.97981956244485
"497" 0.406167514355383 -0.454723539885312 -0.78341456404854 -2.62547457587179
"498" 1.70067223076205 -1.34187123008242 -0.083641928433984 0.680467477927152
"499" 3.30326254890600 -0.066455989351427 0.660306025657397 1.61575728014937
"500" 11.6135909170043 1.08699642664803 2.31089719017985 7.94890662985414
"501" 1.52106337901918 -1.61071367504257 0.793305511242509 2.02247510976894
"502" 7.82157506685192 2.52465254465789 0.450621879247447 1.83648906425347
"503" -0.34527070727123 -1.63729690834688 -0.164624945488938 -0.846230065429502
"504" 9.63737445766893 2.69801768445077 1.03537943761632 3.06218313765001
"505" 9.40070560610428 1.75297860520317 2.20231500000082 6.70608691225402
"506" 2.42009039461678 -1.05183201284318 1.01696338503478 4.57765525775958
"507" 6.1805715710553 0.0463489329958254 1.01603974650023 3.80699062516375
"508" 8.34181108566667 1.56662141748320 1.46550082748151 3.23497892659873
"509" 6.62697760873302 1.31598946741056 1.68975045140758 3.89774181428586
"510" 6.9799757692948 0.925356590709214 1.23949621124348 2.92226910626909
"511" 4.34806220337462 0.201930084886419 1.07090705440816 3.92043982420368
"512" 8.57321572699925 1.69662256956005 0.221727269848925 -0.214960234082216
"513" 7.7938025775981 0.931673038903906 1.86170542375256 6.49849995015805
"514" 10.5279688127139 2.59928792946280 0.984628694333006 4.16773357233936
"515" 13.0319183735256 2.98723535233224 2.53422194455430 7.08557233725654
"516" 2.15636957608325 0.198448539164682 -0.969846547470427 -4.72260716465775
"517" 7.99680854801402 0.931731361029424 1.3124933254665 3.3174493265267
"518" 5.41131389260866 1.19973597358208 0.542479279543664 2.37753333949378
"519" 10.6682150241865 2.68584400134335 1.65857547147555 5.97930884713761
"520" 7.98346415025438 1.25536203126932 1.00770015381786 4.77525054267229
"521" 7.99980301883624 1.28047376586742 1.30120787705196 4.05981893104178
"522" 10.9239842700365 2.02441336980272 1.85068888609681 6.84095195638815
"523" 6.23136252412194 1.02711282743963 0.334974471086464 0.059380571349781
"524" 2.82418020125369 0.149661620139592 0.457765822778363 1.8730228233082
"525" -1.57106528776604 -1.75020203759877 0.190223888448313 -0.715200706824461
"526" 10.8382850180030 2.62145699481636 0.888518413702887 2.61198871519116
"527" 2.69322769673083 -1.01564768512637 0.52987981768615 2.30586943274581
"528" 0.424785246791218 -2.06804356045701 0.527927853728106 1.93991685067804
"529" 7.12920615431791 2.12551149473922 0.667653895833977 2.21875073301796
"530" 6.17718693991725 1.39227285595344 -0.159065571412938 1.68545808827009
"531" 4.10674534477645 0.710466567973281 0.420530814668631 0.913700728833856
"532" 7.24727214793394 1.33891213056062 1.79586890047238 7.21795669460266
"533" 6.2937840805491 1.14048233033694 1.07098788090808 1.16951665480401
"534" 3.43386671039502 0.916227297502485 -0.112344776759082 -1.77640970189467
"535" 3.47526444075940 0.765743482330521 0.759600734723652 0.321967789714566
"536" -3.39908087746013 -2.83659041401873 -0.811610985286882 -2.62135445476471
"537" 7.41694641666301 1.43878413849536 0.949743878548956 2.50649815679586
"538" 7.76373369309105 0.502893606204635 1.93646686167985 6.41876236764028
"539" 8.50990910164857 1.84161149042793 1.53260871615438 4.79309239601924
"540" 2.16642061032304 0.068341088684572 0.0984749993220179 -0.674009760683388
"541" 8.64413626785348 2.0140545818937 1.14824793149491 4.27788190288596
"542" 3.45976276576979 0.259209324141561 0.239368821173785 -0.646354609998239
"543" 9.62061062494296 2.21292101028902 1.28737468312718 3.8451608919849
"544" 12.3534876030067 3.35334042934881 1.67974319322813 6.81387759706458
"545" 7.39214323666766 1.52176692489399 1.68999664352335 5.91929369033343
"546" 5.12866904541436 0.652858377872259 0.716346692804998 1.36995621612707
"547" 10.1019379655131 2.08844116202955 1.69321223105226 5.10265946400458
"548" 0.0798964827452182 0.105948946969479 -0.834719744552034 -0.561821740884535
"549" 6.31064712824035 1.56377209756205 0.660997330542362 3.01102473497536
"550" 8.19399795567417 1.51869741619288 1.35227221318981 4.59261185112685
"551" 9.64969455511923 1.79312967997104 1.22147765022305 4.94674973832202
"552" 10.2971809397917 1.85444592320864 2.24436670081954 8.31058067814044
"553" 1.27703846344213 0.15036639755145 -0.123142180971817 -1.78480560651446
"554" 10.0294253561028 2.09814426822639 1.99798087009410 6.01375002411722
"555" 6.85958070753 1.54703499093109 1.62974665586192 3.72216055606817
"556" 3.32796200734821 -0.498458421789202 0.317023580710306 1.05951017454530
"557" 6.20806556356976 1.02842582886523 0.971475591454827 1.54073530109529
"558" 4.51141401098718 -0.145525205060302 0.848354789976755 2.43084255314586
"559" 8.95207155882339 2.16151227262268 1.80924328161738 5.86025699495676
"560" 10.7883076673599 2.13206236246001 1.99009489480951 5.67128636905052
"561" 1.90131245383764 -0.824073184326166 0.0416848175765158 -0.538585982400997
"562" -1.02358875714857 -0.79091449500693 -0.862431613756529 -2.31196077526510
"563" 5.00240000763097 0.324479657848407 0.592573507039976 3.46029800295897
"564" 3.03642683762409 -0.000946520323305333 0.331034602213519 1.47790513974143
"565" 9.3904248600955 1.78732183019901 1.81837659498893 5.40125809143188
"566" 3.85353873909914 -0.397060527789801 0.00763199498041367 0.0778369485852046
"567" 3.80907603680398 0.613783616854513 -0.316354170992105 -1.11895319352889
"568" 11.8422588829303 3.51713367142399 2.11224048038178 5.33357232545906
"569" 6.61090458152104 1.39065336304445 0.456143940419029 1.47878248603119
"570" 3.18648610333832 0.361587013370778 1.03446866258053 1.99894499234309
"571" 7.47820922314022 1.21138535174328 1.52162375031778 4.98617811954897
"572" 17.5651158096451 5.59690083139524 2.85077759325747 9.219475311867
"573" 2.85724817788202 -0.550171770030073 -0.119768850048689 0.0866613442129612
"574" 13.5110728733968 3.1754449454646 2.18962913975643 6.61678416179524
"575" 3.16229645742414 0.129933615068157 -0.297912883435217 -0.86713890947147
"576" 1.99795962021521 -0.799706745678303 -0.822804393603472 -4.00288685470126
"577" 3.70462942499144 0.841596626229673 0.506015076544708 0.419348747617193
"578" 5.51671555172424 0.247217614645295 0.70972349546113 3.83292857100161
"579" 7.38533904154843 0.599991323767567 1.40517153630423 2.72295117052344
"580" 12.3895144604896 2.80633325964176 2.73446994469512 9.35084281931329
"581" 7.01791876440202 1.58657948492514 1.31525004704585 4.66360163312846
"582" 12.1041202141516 3.21529518238384 1.56473837443735 5.70702344313177
"583" 8.71544897338213 1.74724903370108 1.58217326246983 3.43661303427998
"584" 5.34289283565700 1.12037343800962 1.11080525824231 4.58697848681721
"585" 8.05924012957587 2.03087763941019 2.04796797822103 4.30665726538771
"586" 6.7802656656342 2.6550244417067 -0.313285644684911 -3.00038876824575
"587" 15.3663460398864 4.5829540008981 2.23611906380694 7.69996731309294
"588" 9.3760930440067 1.30707185447844 1.83305476984078 6.39326087262024
"589" 7.12188745971249 1.26590923042775 1.49005793574326 4.97802876186484
"590" 6.31086523367432 0.955282420935535 1.05167374966161 1.88161513441203
"591" 10.4053386028373 1.29968671787399 1.91041439103814 7.04817619466775
"592" 1.52841140001476 0.630999025641171 0.250958344540831 -0.29807380912339
"593" 16.5869660936771 3.79159142446653 2.49778295519214 8.36400238625217
"594" 6.25146325271486 2.17525027893657 0.426698207056375 0.152146036970334
"595" 8.57687379309749 1.25769091253263 1.2540505109493 4.66788134492298
"596" 9.41171534553951 1.45471343750448 2.33126679293169 7.8718755558779
"597" 4.2643740517128 0.558016890545655 0.385551184669766 2.77986979276743
"598" 6.22147264686535 1.68774580891515 0.417055917560378 0.80108149175823
"599" -1.41691021569516 -2.00171677530238 0.242996376458008 0.836936766659367
"600" 12.5152367120580 3.12398515063225 1.98541888706943 6.18320776720401
"601" 6.616031580924 0.800012333293531 0.490195382873242 2.77898206381208
"602" -3.25254610880382 -3.03098236640652 -0.794635471942816 -2.75218742035131
"603" 6.19679458185033 0.672296362956162 1.33987199415496 2.54515491928374
"604" 1.92110178345277 0.270165861731494 -1.02447404380358 -2.69685907443605
"605" 6.01856610120255 1.15526233922847 0.111150395868799 -0.385986375011887
"606" 12.9506163986309 2.44950844376355 3.41176981585313 11.0511243303719
"607" 8.57896399243911 1.62255117276356 1.60027218595538 6.41113406213676
"608" 7.15716381020333 0.644816261175171 0.978724524687692 4.18838226535813
"609" 8.11316026335061 2.13360258066146 1.28697725904820 3.45256213556778
"610" 6.0307139026774 -0.126961416783038 1.85851499655073 8.16190341506996
"611" -3.65962603140018 -2.07739709786753 -1.48346880949399 -4.61759927922742
"612" 4.56933817169690 0.708206703551674 0.468491392729495 2.26500581752571
"613" 2.86950648215761 -0.0245976270558866 0.432038808351478 1.84341313310419
"614" 9.40241773184613 1.21298268197114 2.86310403779483 9.38576248947563
"615" 5.88710046300592 0.945983694323177 1.04019047660221 3.99912901350638
"616" 14.8985660023600 2.89970747156225 3.40308792945674 12.3531672803231
"617" 7.39835152099822 1.44542696766646 1.46584046991002 3.0613459695621
"618" 9.06432797612468 1.95822998470572 0.570408611115709 3.29797756124977
"619" 6.34178733406019 0.785083809742584 0.894164945687343 2.62637485101750
"620" 10.1396726805461 2.41386030945803 1.47009073195619 4.37918253639141
"621" 0.0986447855242222 -0.454915286192836 -1.59883250128524 -4.13164273261021
"622" 7.86369417602183 2.16447041806559 0.743316163189009 3.8217775185199
"623" 6.50499604854217 0.914711298257183 1.35774733845274 5.79124340867426
"624" 10.2388915289281 2.03024377533248 1.40662815956292 5.28022763228582
"625" 0.337156839386209 -1.41393424090967 -0.197990627035022 0.495545190000981
"626" 13.5485230580016 3.40201354126492 2.70497329553889 8.36956508412824
"627" 5.37164065834095 0.919362525324687 0.726354556270198 2.40342219207132
"628" 11.9393337081558 2.80427810504526 2.56905363627527 6.44166976446267
"629" 4.93917472107821 1.70164699109800 1.00585242519156 1.49263594656785
"630" 10.7873108848575 3.02457635166717 1.38229849090670 3.6255696247369
"631" 9.15104934130735 2.6743079823496 1.12080385489464 2.4989807962915
"632" 0.603248199623622 -0.119393963745014 -0.774497864530206 -2.13568328150492
"633" 5.43565535550178 0.832391634313887 0.888325951987583 2.521133562444
"634" 7.94818678268121 1.55465111099417 1.4075113276767 4.74354973477209
"635" 9.50389906131286 2.33602676457881 1.53770518826836 3.73893166356621
"636" 9.26381505448419 1.48026728458753 2.31770484948558 6.61746904363895
"637" 15.4056351995585 2.95032897150624 3.80715174272889 10.2399150199972
"638" 4.51570130478014 -0.965419567051898 1.24061080779142 5.0993241341011
"639" 5.39881996296165 -0.0791143238649912 1.70998471973496 5.1108536368589
"640" 2.49609618969168 -0.49533052049246 1.01745992478280 2.09973442862547
"641" 8.29977015109264 2.78090097182924 0.00994770605149808 0.430061576818011
"642" 12.3137447637471 2.92481720429358 2.92293141239350 9.01919255873976
"643" 5.63309061598923 1.09759763798709 -0.034129393690169 1.45938879837879
"644" 7.20283322426478 1.76403261647567 1.70570607951191 6.04554018501006
"645" 1.74463307960555 -0.837115480637483 -0.223312346473617 -0.848015570456352
"646" 4.49099946746632 0.58978426200184 0.40379393848718 0.214792339641130
"647" 6.24493575703416 -0.00114633907849149 0.95975311157923 3.64296119530271
"648" 9.36237730317366 1.65158939443150 1.80093170062746 5.11625527050913
"649" -0.0225277136174419 -2.06382742083131 0.455168728869071 1.76850369787557
"650" 8.68811785797361 2.18582124473988 0.779059540528882 2.08734249900271
"651" 5.28813846091414 0.625320847111637 0.273529290553948 1.85123781599361
"652" 4.35616800290147 -0.416998647790926 0.387077912583643 3.2105773697265
"653" 3.98595900762204 -0.82334636322621 0.304807597196645 1.73060217694132
"654" 1.95439631425673 -0.143432636281489 -0.366151716826058 -0.716649725576444
"655" 4.7266299550432 0.104070820675358 0.688180041016823 2.05390799856186
"656" 8.90252742897251 2.88878215543572 1.46545263072285 3.30635578463926
"657" 6.56073022453843 1.51229954365084 0.511364675074748 1.00384386826498
"658" 5.79428129992449 1.59246648964491 0.712198928214011 -0.304138033182842
"659" 7.36694873421253 1.24202880956977 1.67420644276812 4.15579267157859
"660" 12.0958558195088 3.03307919125431 2.07433470593296 6.20935025836615
"661" 7.86738953297948 1.02114523188418 1.87504870298197 4.4850946998823
"662" 9.08981774306283 1.54008749945009 1.94624490222383 4.58709334076466
"663" 3.50357489853142 0.0926309587943488 1.96325248898700 3.96453224104295
"664" -1.60855645892149 -1.30972322994843 -1.78488644852319 -4.5615062956296
"665" 4.52558038588546 0.701806239734762 0.387097787826747 -0.74670312009377
"666" 3.17373675924120 -0.919107044217999 0.690263510790688 2.32068467067958
"667" 13.7938205568605 2.04933124844525 3.05356289556517 10.4833132766937
"668" 3.3807546501058 0.0130277972368151 -0.219740743128369 -0.186187426643834
"669" 9.5613140483592 1.26557306466007 2.47404152152275 6.4935198128959
"670" 10.6934127620609 1.79901347025673 1.84684751340954 5.86003684209999
"671" 4.99838025086806 0.566103919965989 0.401750432284386 1.00394093231012
"672" 13.7075336383413 3.15544046097923 2.69227509248542 7.81988648524025
"673" 3.58615335755416 0.262033676775763 0.715602265297402 2.75503887363875
"674" -0.282731941193831 -1.58447093730222 0.304277733437713 0.132345244897835
"675" 9.55905294017131 1.57693297932316 2.02112261243280 5.91185655287842
"676" 6.18489306295257 0.590856235385259 0.788075545627498 2.85777657787402
"677" 0.116200036682865 -0.986892398935411 0.492178191295555 1.30034201190833
"678" 10.0038739245308 2.72214913271749 1.49624836848504 4.6076527019089
"679" 2.77051070825580 0.300732675688727 0.976551731104642 1.15378263926618
"680" 5.19124247029854 -0.565111426065631 1.47779733261581 4.62639420501387
"681" 0.816713372409755 -0.582056364543619 0.151388772612541 0.0849649329020942
"682" 11.2770201850683 2.72656197841539 1.97600981208263 5.19276149235404
"683" 4.09150692683883 0.557386144387374 0.639134755619527 0.0662503006380752
"684" 2.32165116253269 -0.78805124457768 0.499857688433584 1.93728447409714
"685" 8.99123852553682 1.7316243705232 0.55810840865647 1.27802406166245
"686" 5.88535929861852 1.22951276000161 0.657810640408997 1.49315796396967
"687" 3.40346124725619 -0.653499106959931 0.471257674732696 2.87585665483352
"688" 8.5902224323604 2.33993788241688 0.913940744399193 3.06384120280603
"689" 11.9467951979659 2.86872723202113 2.7305533245966 10.9384802279907
"690" 12.8986438845152 2.64117721410701 2.22689912642585 6.9422760664554
"691" 1.73748317165937 -1.06444732383592 0.651460181322036 0.41908031641226
"692" 10.6165613210938 2.37026859687585 2.43648328543981 8.20659570669304
"693" 16.4914605860354 3.35842127026309 4.10468204717091 11.2594379124528
"694" 7.3465638840416 0.949025077628932 2.47249738277963 7.0668973893563
"695" 12.2400566667884 2.91330282140287 1.18934371830402 3.670998360033
"696" 7.10244194765657 1.45350090110504 1.15736296172386 3.34433215890328
"697" 10.1542642983123 3.06779895542287 1.86724909107423 4.9382208478585
"698" -0.121971429971770 -1.43370340107569 -0.161071180185794 -0.990641981575084
"699" 6.83522298675261 1.60574826544394 0.823072410988878 3.04582716023309
"700" -1.78398518851456 -1.51798627349872 -0.316925259274327 -2.89058339116035
"701" 8.93132745043634 1.49695406502522 1.68379045856261 4.99149281020879
"702" 5.3968404335933 0.650865243516154 0.51969146367983 1.43851756027297
"703" 5.97158918593063 0.572118949409481 1.03046923327386 2.63907119060736
"704" 6.50013496405331 0.299427119179517 1.16955612541331 3.0709636202391
"705" 11.9745681295813 2.53812569891159 1.55113552897649 3.77225571627207
"706" 3.14418820687317 0.138277647048861 0.151303291906659 -0.886384049342753
"707" 8.2975670833705 1.88891055714995 1.13195514502862 2.00348969107382
"708" 7.40410864345676 1.17963176898458 1.9171021807267 6.99521540332352
"709" 14.9374800225019 3.50135923626414 2.25356909810575 8.06844692921602
"710" 4.27067785674981 0.124748220867851 0.888613966185116 1.47625334149224
"711" 4.37133629307496 -0.711191420772831 0.351756293404269 3.55112755718333
"712" 5.89788511338214 1.26221912447530 0.253463288563958 0.179461493166612
"713" 4.24132114926108 0.288189448112699 0.248437533369571 0.749852752722521
"714" 3.90000888797835 1.15924164280671 1.03006083939741 2.56381540080177
"715" 3.6711036927106 -0.378040057407263 1.04027433170435 0.870369225503003
"716" 13.3396016638227 3.5772289852101 2.38504018746474 5.78119515519685
"717" 5.2746555744028 0.592937278658473 0.310537677990355 1.18327129851779
"718" 1.04329906533439 -1.19170161434914 -0.513540617672908 -0.518221820308444
"719" 11.1660603478429 1.66498453952008 2.50636293052013 6.8924899897059
"720" 6.44593255722014 1.48711573277451 1.53820464346838 4.09454444472975
"721" 9.48528374259323 1.30433489085033 1.91875299721411 5.81008278365073
"722" 6.62091777782658 0.8233572408006 0.591032499471841 1.14488476095393
"723" 2.79480618801620 -0.152574028575036 0.350638050448709 0.248964744151656
"724" 1.38154416052516 -0.186303025895293 0.0230484693791027 -0.543736749960776
"725" 5.31697495069153 0.715219817346225 0.913492761963973 2.82370536933774
"726" 6.22706540647764 1.60788529552452 -0.454600802174541 -1.87516055172732
"727" 6.83108625491193 0.848275579475872 1.88928412985296 7.07915744795371
"728" 5.46373560873259 1.51895885702430 -0.634644000970608 -2.32747771874037
"729" 12.6301497281791 2.95183051940268 1.93731786914115 8.26065334103529
"730" 8.75212122737506 1.71826168644709 2.14994693833327 6.17281373454745
"731" 9.20714485952934 1.38464546381756 0.546673540916343 1.67809766760701
"732" 14.0082991914628 3.2428531495761 2.59491297753928 8.14852796357963
"733" -1.36594756840753 -1.12093338584819 0.512720889698152 2.02599730008443
"734" 10.7998487653285 2.45413847594128 1.39573523988528 3.72513268755175
"735" 9.37668854179473 2.92800069557969 0.49362203889868 0.82676044696441
"736" 0.652759281481923 -0.161006498502373 0.611509747707777 -0.313407146165319
"737" 5.92904531132645 0.575380363816562 1.10591959851743 2.76751172929782
"738" 5.8651108618746 0.149444983992706 1.85054694625436 4.73796064674002
"739" 10.4606612807921 2.28999679962139 0.865716056107573 3.96353910714775
"740" -1.86028037885437 -1.58028641557083 -0.722845341722414 -4.55059187470208
"741" 11.1753320107142 2.01982998916255 3.00658648003477 8.49004655634861
"742" -0.654234176390541 -1.93923132631484 0.0135653638858186 1.04154042710783
"743" 7.63824402668533 0.97737495349835 1.94732522216979 7.14296901351881
"744" -3.50378391344306 -2.68957768156104 -0.80256613072911 -2.06911000126485
"745" 1.91824902062821 -0.77295230510205 -0.906777404214194 -2.05005957172559
"746" 1.05744687297425 -0.695614420796339 0.169806954563648 0.315327361165242
"747" 0.773059035296849 -1.49746729016411 0.806369743416158 2.03360481091799
"748" 9.1338222740946 1.82143071317845 0.493014613468316 2.74909504244094
"749" 4.85151160732238 0.488315622730092 0.336223304728898 1.25836901804423
"750" 5.33205951774061 0.58009685677461 0.329852352846775 0.777595264244979
"751" 6.30657216876086 0.615373374794431 1.00469158026804 4.19091502924214
"752" 1.34813836078403 -0.632917861276694 -0.920382293671757 -3.03757976592296
"753" 7.26333445538206 -0.0506813768021454 0.200661756994366 1.70340141745681
"754" 7.82825776364925 1.47561789909970 0.621729002378083 2.34457898400505
"755" 4.30024898006479 0.495860931302764 0.141455655515377 0.995067585362677
"756" 6.80043557722417 1.18111215928681 1.47321639271896 4.55875317078402
"757" 6.9590578509523 1.12575136355211 -0.302746123988762 -2.7959303388854
"758" 14.0980178210722 3.22046594789756 1.9806127100449 9.72691134182035
"759" 3.28136141184082 -0.0398109545466043 0.401950909667245 -0.214961339964233
"760" 11.7720434320302 3.20061903550913 1.89140077879376 4.69331518935744
"761" 15.7775522246177 4.14718205440385 2.72650164744746 7.96623446359353
"762" 8.4961801808168 2.08264107671073 0.701199811196767 2.42428240722181
"763" 6.49289761691662 1.20099165705301 1.43629558872156 4.33451799392782
"764" 4.15612656896039 0.061493840276268 0.672123897099884 2.37407103344148
"765" 4.66322587496821 0.827912742434311 0.49311464014697 2.68414456114775
"766" 9.01253239742998 1.25449211907489 1.57328994160354 4.81572587182316
"767" 8.11067139304998 1.94636766626215 0.770073821811309 1.87629073293711
"768" 6.56995249085019 0.352986834826244 1.04024168471914 3.72279370801789
"769" 5.70046233657641 1.75134960151335 0.67013386371764 2.86906347416302
"770" 7.55334239199747 1.45030389918690 0.870577417805749 1.62809283451570
"771" 10.8917353048333 2.28286800843809 0.867083634339618 2.6925039107464
"772" 6.94770884684582 0.354879588927291 1.30337542801075 4.58097421399812
"773" 5.20144082795138 1.31045194518859 0.871414291602273 0.832808806554977
"774" 6.01329256990562 0.567398082933437 0.362571095862478 0.497488704909477
"775" 4.1088656252062 0.203779949748103 0.807189524392513 2.83923674265055
"776" 12.9388459511041 2.96225121103493 2.25846351809342 8.92850900535591
"777" 3.11370079335238 -0.176548288224759 0.373339275093813 0.338243931913759
"778" 3.52832550964837 0.696552068087686 0.716503884579882 0.49748488349775
"779" 6.36550382876367 0.542388565854929 1.39408417264826 5.85170054802045
"780" 7.22034331858032 1.88183817197490 0.788574228247162 2.88893526673541
"781" 6.60411101087596 1.24788809567194 1.87278968324996 4.92543488710434
"782" 1.28463278396940 -0.563550437896765 -0.183364703386434 0.0217269737007130
"783" 4.67540589346613 0.838667685879152 0.147955952817218 0.940920875792549
"784" 6.84721234787694 0.22887074550381 0.183385260237375 0.527122852706567
"785" 9.76332533443255 3.06693965887095 0.617135413096402 3.10679328470821
"786" -0.230772892035081 -2.02391274833361 0.49290039708755 -0.715378471936206
"787" 3.57410305441559 -0.761834621765267 0.871114497950361 3.12991419002892
"788" 9.66526242459424 2.19680484502584 1.60566699205560 5.44955194999783
"789" 17.2677435086712 3.96270387872756 2.92081828446849 9.273995996966
"790" 5.15950332067379 0.288948245114154 1.65619285782501 4.49351977849908
"791" 3.08110896248051 0.365143043338667 0.331789018648491 1.12011325116809
"792" 10.5655121952409 1.69599169522722 2.07003706063597 7.1268807519989
"793" 9.88709869108077 1.92071005026965 2.11765389777629 5.21670830991122
"794" 7.83166490551666 0.412228261963038 1.35500992100916 4.99036911239961
"795" 9.58542708566912 2.04878496500218 2.33737380037640 7.59494834450024
"796" 6.44403006970817 1.10874324722138 1.39518653755577 4.32570705965504
"797" 8.7993218099005 1.30360619351666 1.61535433519982 6.19292973025506
"798" 5.33182609977893 1.41832657465530 1.27465587737390 2.78849178532551
"799" 15.1092937968235 3.67255670873966 2.69273845888538 8.32300625669737
"800" 15.7413324568148 4.30381009015741 2.88668319702424 8.74022721933741
"801" 10.8934941577620 1.70105812102188 2.54193210872761 7.7644377593124
"802" -0.74527965104524 -1.67610502416212 -0.486710593950907 -1.86182431032869
"803" 11.5982843926773 2.57287964948867 2.45061109486266 9.49250972886446
"804" -1.60046106159010 -1.56279681377369 -0.60061756734908 -1.79041640131924
"805" 2.81886688072818 0.75543392594828 0.904023462023662 0.64416684821154
"806" 7.80894014411756 1.70326831784563 0.50716453370457 2.95944802703398
"807" 0.362307524374123 -1.03900628524260 0.378998843153171 0.647890574898736
"808" 10.9198073887242 2.14125651813333 2.6450043435195 8.23923249528932
"809" -1.52450077946477 -1.63942044529157 -0.540853678017891 -1.81188863114765
"810" 10.6972568735807 1.93226837981990 2.21364028806145 7.6252530814401
"811" 9.24445912884058 1.18449124858934 1.27341388194257 5.74704814033652
"812" 5.57437224070705 1.28967670262927 0.566567035208171 1.044231092776
"813" 0.693914292435573 -1.83078276396674 -0.113497713032545 0.160121229585999
"814" -0.112941816440467 -0.346596623326769 -0.617307563338291 -1.76223867407754
"815" 5.07716368120131 0.144877283239287 1.22556761397497 4.63204203913503
"816" 5.18064613527092 0.571841552823349 0.795342226172101 3.24386220132028
"817" 6.98649372316363 0.445020541833008 0.9190786189681 3.14744703722847
"818" 11.0303695987364 2.93826686680411 1.99193962475371 5.04283469652366
"819" 9.352859329851 1.98200347032828 0.605018943039295 3.05772514261965
"820" 2.62548734335204 -0.41538570363924 0.424778712224782 1.67434307216605
"821" 0.658401316479323 -0.0626701969298568 -0.360310746085193 -0.889058955284546
"822" -1.26586649391023 -1.77434522555011 -0.728150230777423 -2.19989787737474
"823" 5.2564148954748 0.0771168507020984 0.152659704074074 1.38391500097327
"824" 7.64779668304009 1.59170308996924 2.04193138991782 6.44492451368666
"825" 4.70491216069197 0.218664192706877 -0.673376811707872 -1.37454824612044
"826" 1.43357455028162 -0.331990006587224 -1.09809012678488 -4.35299051623948
"827" 12.8814327530171 3.28711813507054 1.72183464129541 5.06227085760243
"828" 1.65691640671111 0.273077945717387 -0.494947966337921 -2.21883659246919
"829" 13.1698481287792 3.80617282046525 1.94588969697144 4.43000422260005
"830" 15.3185905815553 3.57776914473055 3.16030215668850 8.58615014233189
"831" 9.19258496777136 1.99658526663419 2.41422657287033 5.61741390311113
"832" 6.62656728166924 0.0806533481107001 1.07897670357287 5.36279743581377
"833" 3.39599719360950 0.193512641649311 0.775551191580854 2.68540966506901
"834" 0.984988062870469 -0.877223663333629 -0.481419769295751 -0.324302697967938
"835" 2.11409821395347 -0.814272316055099 0.234187846365441 0.232738889433861
"836" -0.228260423736914 -1.08853487168011 -1.17688313665079 -0.977737686990902
"837" 5.83071709539212 0.260774048051485 0.666909527087445 3.65331320185477
"838" 5.65100475272917 0.566207241770435 -0.0334332294462421 2.14175324850504
"839" 7.16604188887687 0.367532155349408 1.67206718863528 4.32348264029727
"840" 12.5695859997016 2.45461009318266 2.24944955940592 6.21308677643524
"841" 16.3165701561665 5.00329811030511 2.36960815096744 7.6622956417664
"842" 5.72240559714439 0.556077238585332 1.54462772652612 4.82243124009704
"843" 10.0100822716873 1.31957483858276 2.29549937836712 8.09470517838799
"844" 3.73429707968646 0.577675607577985 0.91426205719671 2.38755628995658
"845" 10.1617466466765 1.88085347981404 1.92177232397612 5.52511437201529
"846" 5.90647456272985 1.29100210533138 -0.201206021346019 -1.26482494236626
"847" 6.12723824652479 -0.383080652276183 1.64528418742612 5.02335790457296
"848" 9.08971783817728 0.956882120693865 1.86397509893799 6.22849098220477
"849" 3.64243429222611 0.134395498496209 1.01779077108781 2.59989956979591
"850" 6.83475954657325 1.35194149286684 0.36176006187084 0.409296538963459
"851" 2.57368499041456 -0.802714975838005 0.471549814539393 1.09158008609701
"852" 10.8548007855407 3.15442241156817 1.32039391536404 2.40857143923828
"853" 13.3146263335677 3.2842271532306 1.09787262437439 5.27322662928653
"854" -0.702715872517015 -0.748186045434832 0.153473599439308 0.122263733399683
"855" 2.67538987875479 -0.859920793869537 1.16204425224755 3.02609032115518
"856" -5.20142431512109 -2.45558343131718 -1.59599504311443 -5.57812515579046
"857" 8.66427943047552 1.93959350758404 1.16714057862009 3.80780604755197
"858" 0.953867989539994 -0.529154397295524 0.521299675545896 1.20818257760974
"859" 4.07290041838197 -0.614906874883053 1.17096825791557 3.50705587060069
"860" 3.61095962584665 -0.400257165642826 0.963581270009574 2.34987228833462
"861" 11.1656552783265 3.01217901250802 1.17757579740713 2.23611657866817
"862" 4.92816148690232 0.232192221849320 0.357852812058309 0.383641200999564
"863" 11.3833762461278 2.35474082979478 2.26127671635181 6.72854931337606
"864" 7.26958310166802 0.646432192880827 1.57231109620156 6.23252204458936
"865" 6.99505270418999 1.05272980011799 0.94852195430768 3.96095995323086
"866" 8.2997029377006 1.27518929899628 1.55440844277810 5.89906049140768
"867" 13.8136434669435 3.00301440066546 1.44036870324001 5.16299285102591
"868" 10.9355720451978 3.12329781797882 1.55471738313453 5.24214553789976
"869" 6.75704087313888 0.837167154897094 1.21297939796764 4.3686521508929
"870" 14.9803475517343 4.69539284368277 1.78426361177122 6.40215303290145
"871" 10.1505023986948 1.26977579276734 3.04174803743442 8.62667083059382
"872" 7.12347349092592 0.635822779441498 0.420701444361863 1.72589866354940
"873" 4.16434513426821 -0.205132933378735 0.728144106303582 1.48168847986274
"874" 4.33074660507652 -0.65180833233691 1.10717410314981 2.98621082823718
"875" 6.22917535412816 1.00560033510605 0.690459033562363 0.844091597235812
"876" 10.0273895864990 2.35040654675224 1.81690150388743 5.41702025446471
"877" 6.68654601944341 0.597590471438666 0.601517000476824 3.28003854108647
"878" 6.1408921766135 1.22617693865759 0.922777204626697 1.55944326994939
"879" 6.70595389039509 0.507941942280116 1.36018077066954 4.86226748810847
"880" -0.159201486217876 -1.88661767782227 0.151962913550195 0.735464720136765
"881" 9.0902183493072 2.06081988438482 2.21077129072191 6.88813156892301
"882" 5.60068475414737 0.637978856254639 0.798402321698548 2.90048371033633
"883" 8.48885861409962 1.62188309806218 2.11070120178155 6.62964751515358
"884" 13.8637044601604 3.06073179975067 2.89913751316273 8.43244341620879
"885" 10.1003088351452 2.7914002960079 1.26637944561854 2.86122617040260
"886" 15.6810773031283 3.60136649965434 2.78611165924890 10.2074096910009
"887" 11.3575437973977 1.59449986353375 1.34906149664010 4.97600883261966
"888" 8.01421288228162 1.10285374422245 1.63139117837029 5.1298672947161
"889" 5.76912145467696 1.03167513691237 0.967246035086931 3.14044146637363
"890" 5.24959574102159 0.44770291243503 0.988520605841873 4.22730522142485
"891" 11.8044038456242 1.79148685498116 3.18537228041799 9.05755750268488
"892" 6.81318701948794 0.949451887328865 1.28877074464972 3.3639014053649
"893" 5.83815859502581 1.00616551390401 1.41196938308131 4.66774448537749
"894" 6.79434522030886 0.387542320393114 2.35679587860447 6.9720288273461
"895" 4.38081207796958 0.418791531340168 0.70101773675988 3.71974880940308
"896" 0.902688745339967 -0.821561675435461 -0.71544684449592 -1.70668425465897
"897" 6.66892643542197 0.317823571293549 1.43554610867997 4.09744032878881
"898" 10.3116327552500 1.87807192942072 1.49552107110912 5.57998652595825
"899" -0.839891842766815 -1.18772536400143 -0.430736392992514 -2.19586503521322
"900" 4.34545585105855 0.0442231633226817 0.454470057786056 1.64103650562899
"901" 0.70603866686657 -0.989917935961435 -0.138043214018244 -1.12591732257412
"902" 8.71983457830518 1.75697079758028 1.84871763334862 4.66961225726527
"903" 1.11466714582624 -0.199727150954319 -0.486695663266708 -2.14989253493949
"904" 10.0201361302552 1.08903806716008 2.17130619117191 7.30159598489654
"905" 3.81499434861679 -0.180307432911157 0.702755651615926 1.77715943966707
"906" 7.44664225297198 0.506555331994406 2.12548478675305 5.25603097524724
"907" 10.0900672664972 1.41313835354322 2.28026582964149 7.11998191982485
"908" 6.10947137628589 0.772170502990814 1.77347345227224 5.95621035381279
"909" 4.52431587073325 0.386320194640531 1.50175342893663 4.40720657490454
"910" 8.05038624462827 1.40890935462321 2.20502297123558 6.03701295147167
"911" 7.46194486472984 1.69017297247532 0.221370001508946 0.17886115435324
"912" 10.5972328167168 3.14149562079725 1.69192060600287 5.5510827531767
"913" 4.73758469718772 0.34868378551776 0.780342196202679 3.33498710630871
"914" 7.20506237707968 1.93370862227831 0.908223032867747 2.45418288220967
"915" 7.5928746427626 0.693732556109103 0.618004020610995 3.16793652470109
"916" 3.48620302925432 -0.963455823234296 0.950176717918968 3.18368894793843
"917" 5.01495551208694 0.280658088881491 -0.170297887620630 0.517298584466858
"918" 9.50755531712927 2.46483518096116 1.39907790790727 5.17473659653971
"919" 2.23971215360191 -1.11401059314178 0.198272171892577 0.228029713071361
"920" 4.64857821495434 0.567161149566673 0.967739200746351 1.25326383254874
"921" -2.01884704264622 -1.23844392528070 -1.48195490561558 -3.91449339426626
"922" 5.27340782521875 0.614636852089078 0.175301991173835 -0.0411618266603984
"923" 6.52933084586973 0.968229431789772 1.06133694499396 2.36000350790800
"924" 2.93901587454771 0.122495804359276 0.151066219326295 2.06917534302789
"925" -1.12451159907682 -0.98250889290585 0.207344091395535 0.349711090442844
"926" 6.69435244461526 1.36016185801372 0.917193235529303 4.70379538846538
"927" 12.4514684983959 3.18680293083656 2.65854320102108 9.05523369121214
"928" 7.14985706274474 2.16149001520888 1.33785263811620 2.44758436756051
"929" 6.79560891421627 0.467182734710241 0.93137116758051 3.27091252920686
"930" 12.3559460559048 2.37004711582262 3.21525544887994 9.27799385632464
"931" 5.54377204001516 1.46615432804108 0.899339424694162 2.20930372566780
"932" 9.60160666183713 1.49590793359976 2.43445466805073 8.75976558277462
"933" 7.18449583311936 1.50855793518467 1.81583611009510 4.33478457946374
"934" 1.95812037321736 -0.676420894364749 -0.320846579815339 -0.358652202458003
"935" 9.49251747783469 1.66516129793486 2.02325427141612 6.27705023752874
"936" 9.76310720453098 2.0169476456616 1.57984565708925 4.61732533947309
"937" 8.55162070649784 1.76415675484115 1.46572049014881 6.2970597817558
"938" -0.598240427057972 -1.53905186317348 -0.65442687042489 -2.04864096113052
"939" 1.26591034244733 -0.369803884395027 0.261759038678417 -0.690556156003792
"940" 5.41954763194155 0.96905301042193 0.377814789977308 -0.245943951721074
"941" 2.84734252290784 0.614907177794799 -0.311119882262041 -1.20781387612807
"942" 5.93270062998463 0.951024337739649 0.929813282913545 1.78881085207352
"943" 8.49782390410114 1.57633600110070 1.64107247960163 4.82370549618132
"944" 14.3267100440160 3.81680644346585 1.89480363039822 6.42410344228973
"945" 2.94125325559611 -0.260961681696368 0.372519001718714 1.14262759474858
"946" 8.6126860972021 0.496718230048034 2.3631265662605 7.29598259168368
"947" 3.83060704613151 -0.073404914610576 0.55661989460294 0.949208311612268
"948" 12.3723451246548 3.23937183778259 2.33941275000046 6.22060668209738
"949" 4.72552083712979 0.892665125399027 0.596520725988357 1.59258341418478
"950" -0.562637294045225 -0.780326485638914 -1.86144760315264 -6.05207548752137
"951" 11.2902791886953 1.96419296551741 2.52748662490730 8.86781645543864
"952" 8.97690291228996 1.55283912254552 1.88166075762507 6.00197622679329
"953" 5.54650450162774 -0.198617163200299 1.49965148519166 4.12479575321136
"954" 6.87649779276412 1.16616079361264 1.34767666217549 4.03506728097845
"955" 9.70402406021563 2.64065751846835 1.31359689454611 3.30549974374916
"956" 8.03218554333642 0.934417251104542 1.48533175000004 4.48939144338882
"957" 7.30245169377275 0.30001148685576 2.03839512374439 5.57458422834305
"958" 8.25045093299443 1.49155367010905 1.63312854523263 4.45241289562877
"959" 7.76483234878971 1.04281496240125 1.05287387895094 2.67541398135409
"960" 3.84385170701122 0.173409384034101 0.722747043213364 0.878735968197023
"961" 16.1248643941568 3.21520389622579 3.03827506464596 11.2929935280708
"962" 10.8067868338535 2.82166875355644 1.94267274872259 4.46821080261363
"963" 6.41950873823417 1.38510397721452 0.832108661847465 2.08689408492382
"964" 7.34824853487 0.911172949248642 0.733986545640986 2.64791426516759
"965" 7.83165172112468 0.85648572921633 0.769102052351265 1.69706943418586
"966" 9.62761297290689 2.14616718412720 1.11659247647808 4.18489859574946
"967" 4.95603746596626 0.625340876839627 1.05356548053457 3.13735599010567
"968" 4.40276611307755 -0.285807154647671 0.666152003668278 0.338344516824378
"969" 1.26161742163874 -0.544236235896181 -0.262537974932732 -0.376518224445462
"970" 10.8860802861529 3.33784609564818 1.51112827079404 6.25411689674214
"971" -1.22527665414298 -1.33825928176831 -0.736682623842593 -2.72115250632811
"972" 9.2057912330545 1.58266705274665 2.43572581550516 6.72075064342349
"973" 2.58321257487842 -1.02865209992977 0.820758920516377 1.77410282466892
"974" 5.03308400686637 0.414031600346745 1.20449329766262 3.76049897114240
"975" 11.8404541292992 3.55491096035199 2.15735352771851 5.33882845427117
"976" 12.1722917074094 2.7491946357484 1.50408111350924 5.11487963970936
"977" 2.3213762573865 0.276938431524983 0.461705275032705 0.181075641210603
"978" 6.00904390489903 0.0260805303398758 0.9886461581703 4.4767858181057
"979" 6.19678079722494 1.18402759993596 1.19446136972674 2.64322533494602
"980" 4.17043164183978 -0.0269879115524565 0.0286471884856918 1.88080689589880
"981" -1.14464835680298 -1.09778673618447 -1.50197735174078 -3.22587587730395
"982" 5.70875961024761 0.833510163631658 0.597003469736608 2.1725422220727
"983" 8.16075505336982 1.67547775328916 1.24191871882158 2.87085417913059
"984" 3.06963433971359 -0.228387339176175 0.698914570679431 2.85011668946924
"985" -2.04679425473268 -1.81340408372531 -0.77078653174351 -3.14214900070104
"986" 1.81252809212984 -0.857348282501723 -0.153478566375831 0.666348184782743
"987" 1.23761653116898 -0.71744870855155 -1.16011860736974 -3.34636071367609
"988" 3.92133812270661 -0.651333521665927 0.434773290213456 1.79700523001046
"989" 2.60904571972859 0.109407223686451 -0.436865774669428 -1.15248818732602
"990" 4.42701405792852 -0.455510205156263 0.523289480141937 3.17791701363531
"991" 9.23820913979848 2.33019722126784 2.53871032779731 6.08265137760759
"992" -0.245900030682408 -1.32331582524798 -0.563828159713203 -1.11061057276941
"993" 10.2629946460597 1.52979952816202 2.47614145574959 8.67982002909876
"994" 2.18489276512717 -0.627434477410921 -0.188181624104972 2.44838242531712
"995" 4.2283944017221 -0.203015239646131 0.80295345090715 3.65120552246558
"996" 3.30010559458721 0.383258546115558 0.643583743150084 2.00839830153887
"997" 7.46684454691318 1.64303154435270 1.25290946761152 4.12307592050487
"998" 9.23783630412957 1.88359719301971 1.51122344675252 4.79120626186308
"999" 3.04781876039062 -0.525004291721901 0.404525551848573 0.255801352549456
"1000" -4.16357806637198 -2.20462799625685 -1.72562588573912 -5.58521742873728
