"x" "y" "z" "w"
"1" -1.84553086076621 2.48959556546889 1.45608401041641 1.89596837006195
"2" 1.13434742757236 6.243787014916 1.36712158114890 0.767023053928145
"3" 0.492702371913849 1.66956391372165 2.21008968253298 1.56395650981315
"4" 1.26256127541463 2.59734257583586 2.15456487666082 0.440436222267099
"5" -1.02851449859420 0.810152523485413 0.673742457437467 2.85977198278892
"6" -1.25042550532911 -1.19213913477238 0.551591802282632 3.37615958261916
"7" -1.07813216688278 2.18323525481633 1.10691705493606 0.780322320235741
"8" -1.50495771316641 -0.0119227548573804 0.524676084758678 2.95847900846497
"9" -2.49369405781501 -0.747467875965848 1.36642427377994 2.51113251487666
"10" -2.10982251013893 -0.926949482458585 1.51753354193507 5.24053538786573
"11" -0.501209182158911 0.893231759417874 -1.03577140660337 2.19816290627165
"12" -2.48086739529372 -0.0767088769802822 2.28200280205490 2.93523501205797
"13" -0.614888323651370 0.353390190041881 0.485940584907702 2.05028265399669
"14" 0.0299876342588915 0.297917903691804 0.885632305345368 1.97478554563737
"15" -2.25691331274496 1.91161016552579 -0.620220990651583 0.663755310392685
"16" -0.322201512161511 2.0586051510548 0.984865812367457 1.85489820456112
"17" -0.91707325923234 0.503166202133791 0.603292452004166 1.38588664457289
"18" -2.70564740566253 1.48754526877836 0.599042660224744 3.28376071914139
"19" -2.10538018160076 -1.43443124998005 1.41930116378129 2.98609040998021
"20" -1.28188387103493 0.262306958525984 0.458356869552603 2.31681750244139
"21" -3.27562684787174 -0.916517075690593 1.14950118040460 2.36284754627005
"22" 1.08267194831056 2.26898656439113 1.69228753328851 2.29924903722251
"23" 0.616469746214355 3.63461739528592 -0.113800205483776 1.60680172031361
"24" -2.01655329227189 0.0178177636416358 1.69364253061953 3.62574258081368
"25" 0.344131613802098 2.78363399729702 2.09005745036757 1.08457535654093
"26" 1.28904155176301 2.83593778509889 1.44174294848448 1.02306282836726
"27" 2.61484737955636 0.906549437151836 2.50357350727868 1.47099548260735
"28" -1.16750502656779 -1.62191898369222 1.95810900620753 3.53834025173505
"29" -0.925254675235946 1.89053651902068 1.7041380753558 1.79832477632168
"30" -1.50236819226084 0.964947148823047 2.21328935163078 3.3992293867771
"31" -1.12213766240085 1.44961160862194 0.906203518875119 1.80961656691426
"32" 0.0725869995780279 0.923753490346062 2.17349358287163 1.24619732001374
"33" -1.75265425620353 -1.83034264586750 0.0149077101150457 2.75243948917993
"34" -0.215886239613057 0.353974905759061 1.29082942329220 2.65768229439268
"35" -1.56559822809116 0.215073275151519 2.12467333814936 2.21719609164567
"36" -2.95149140991244 -1.09917829384376 0.133176080641218 3.42489669366481
"37" -1.36886528205455 2.27240429452005 0.541875343752206 1.01999813220386
"38" -2.02726637476685 -1.10929732950884 0.695429665664436 4.01972122786634
"39" -1.04016678131881 2.09740075299215 0.996281380844839 2.03397634672751
"40" -2.39159839859922 -0.261454311520073 0.679261472268595 2.28701388144600
"41" -1.57806233301003 1.65820050140667 0.98736564452004 2.77754392854251
"42" -0.534257588910164 0.455801050053099 0.0367659162298579 0.552204920493728
"43" -0.147312099779854 0.649947396279786 1.00967401532570 1.78147862845362
"44" -3.30108842576297 -0.96270736647175 1.42079524604672 2.79456147034212
"45" -1.95351920120984 0.912336545332552 -1.44746160860228 0.292413343344766
"46" 0.0271487677908879 0.514000305016328 2.0126351909352 3.5443644552946
"47" -3.94265333174104 0.361681927150952 -0.0116680468253783 2.01778601939758
"48" 0.0176854254448062 4.331667432435 0.358573381708960 0.297293476936006
"49" -2.00512489270517 -0.00396643684971754 0.632681681976988 2.10178668763374
"50" -0.784674531809475 1.39963188918688 0.399369952586389 1.98003266621082
"51" -2.10533920686423 1.75819574174321 0.751289074674779 1.88569332536508
"52" 0.380300118756373 0.829859294456146 1.21853556907828 1.93575638078936
"53" -0.914356993417277 0.355052039876053 -0.494319860386681 1.87526271506277
"54" -0.99625152367369 1.37278842821574 0.0301043747059293 2.51127508743882
"55" -2.36159230513583 -1.11113367362829 1.57926575822272 4.5473714977438
"56" -2.19369380354795 -1.15172090150168 0.693481826584397 1.13783457060535
"57" -0.0302762664617351 0.68945244552944 1.50777205257904 3.58963823444849
"58" -2.49097721330814 -0.678029588280167 0.589124864987565 3.85976317826409
"59" -2.01033562411457 -1.09423768178942 2.03429991879431 4.00295072634303
"60" 0.517231953305647 3.1542653536437 -0.297184908241003 0.775580410512772
"61" -3.41391227596173 -0.372651614115184 1.30798380040985 3.00441788634587
"62" -0.708517072637655 2.01956022653082 2.50189806357695 0.818753033387799
"63" 0.990644612223269 4.0352272439137 1.22346995167221 0.512120021354734
"64" -0.826800990486027 0.705893820975081 1.38348093261229 1.91042812921965
"65" -3.33765399401569 -3.37865497387518 -1.66428367042068 3.73229331705529
"66" -0.667119860721575 2.53267203046863 1.76859306751907 0.617918706107515
"67" -0.93889042376686 0.788260222038858 1.36002095663058 2.09397871310301
"68" 0.0290707210578511 3.02788209005987 2.28270355786983 0.0924610588093304
"69" 0.0568289007707625 2.33068760869461 0.70650339918631 0.394940876482398
"70" -0.765965953518903 0.611821564881414 0.0498105644114812 1.90935950906671
"71" -2.08206436276895 0.103284425286712 1.83311430122185 3.28843763231327
"72" 0.273555792754337 3.66141562427178 0.363208981233617 0.431740738293789
"73" -1.14383510502324 1.67044794074057 1.79976418069795 2.92222272828902
"74" 0.320020171310143 2.70744643425365 2.74187713846285 2.28905870580856
"75" -0.245044137885784 1.41537449404369 0.100533989461000 1.46793471206385
"76" -1.57852279568188 1.95706317802437 0.413461666929262 2.51994189520841
"77" -0.612391298538843 1.92817813083621 -0.161163778435459 0.794036886634907
"78" -0.204100963853445 0.634627089601336 0.95636987507375 0.65602753162533
"79" -1.21029897991638 1.78495562544587 1.37680087979581 1.80899985947005
"80" -3.25009796473607 -0.934804101672914 1.81951456104378 3.52970578115822
"81" 2.18422795914841 2.53253887168076 2.76689241550655 0.454013041155969
"82" -3.50251999099567 -1.95756074903053 -0.301509464521294 4.04858889838169
"83" -0.728481755156016 2.01150598066009 0.634959377502388 1.84442455411245
"84" -0.266495176867954 0.843133199929929 -0.153150265726313 0.93309256859209
"85" -1.65404472414173 1.93576905383744 0.399149020605189 2.54881352341001
"86" -1.50842729593199 0.453348406878852 0.384135299915569 1.12218976477902
"87" 0.653629810903897 3.22010771224798 1.41553842652752 1.64288623138512
"88" -2.22585707764464 -0.583483806234813 1.51887628031948 3.75637237234710
"89" -2.23007478403376 0.750984914315769 -0.489504779558086 1.42158911604003
"90" 0.455903521326125 1.68451555244211 1.72199721624643 1.86706443370970
"91" -1.29607063077473 0.127983509235112 1.66557062769248 3.22934525556632
"92" -1.45806116985159 -0.214816481361828 -0.543334635677679 2.0890198518943
"93" -1.42229335646355 0.51864728543898 0.75676551907602 3.45480413681851
"94" -2.76598535691349 1.12563872860870 0.95471773907314 1.54030253025040
"95" -0.98504167233993 0.565895086034289 0.704446325170817 1.01303567269097
"96" 0.970462780894185 2.54119311501196 1.44747263012283 0.670243348412709
"97" -0.492170060067428 -1.38623710395047 0.225797794661373 1.69242450568644
"98" -1.63273840416681 1.59356402211900 -0.425470364361871 1.30255698588870
"99" 0.121676880418302 2.31254363809472 1.59621500026345 2.91367896341812
"100" -1.84920875254635 0.579383071545826 1.49055466706175 1.85642370877248
"101" 0.165441789727134 1.85646363541199 1.55195331278563 3.05694436690141
"102" 0.489880059175359 0.648081595292979 0.588551654334669 1.74533895227554
"103" -0.860229466098239 0.68906533398402 0.97387124432794 1.68947634614706
"104" 2.14959130201005 5.34917779290232 1.72498829975863 1.02593716776508
"105" -0.735616920430286 -1.14604031721336 -0.343035359834919 4.58500543922735
"106" -1.64437663179109 0.563130703971735 3.11432190446718 3.09659698068361
"107" -0.501590903151416 -0.0199689299067463 0.146574316984942 1.87027590864131
"108" -0.659752009866665 1.65714953066196 2.60984461513383 1.60021098587712
"109" 0.182644712879809 -0.202648849535093 1.79585221967957 2.28275016072404
"110" -0.99248034103326 1.30632937607115 0.19694246761629 0.709421329243276
"111" -0.637686698642248 -0.817648223083756 -0.318852925232413 1.60813991887182
"112" -0.0491140028840916 0.521983438829514 2.31919731422964 2.77475784941908
"113" 1.05030991621174 2.26942568092745 1.43480850293382 1.06160821074540
"114" -0.521828465094503 1.70718635538560 1.55278206544221 0.830517032141085
"115" -0.00197468836252246 0.788748130510391 0.624897478353732 1.98156701202426
"116" -1.77612298658457 3.02778491136858 0.505681756298667 0.443462444396759
"117" -2.14550011026475 -1.41854319425906 0.232904284202758 2.39122796629032
"118" -0.736711889363684 1.48106649380958 1.57675122503112 1.46665965235251
"119" -1.04640126222796 0.301435635182932 3.20903800830634 2.71075953597038
"120" 1.05261076733669 3.29870971308322 1.81531723098628 0.862172561268744
"121" 0.352788086757453 1.65636011040984 3.20904661176204 2.06564524200603
"122" 0.456597085373302 1.31181948126639 2.20769093193972 2.24461529367272
"123" -1.57942363773569 0.528714440897661 0.0282824453907697 4.06907680480365
"124" -1.33417468315447 3.52934109733625 0.143616056254611 0.191758309105200
"125" -0.627046076078764 1.42059629113092 1.4309592872419 0.877344801648811
"126" 1.62505748634690 2.97974699561141 2.05990775116410 1.56877106302074
"127" 0.215508165635134 3.57362617173486 -0.0986892933907109 0.752650042808659
"128" 0.067732347388658 4.17692096633355 1.97945499172748 0.315810909477022
"129" -0.46034512681349 -0.0352275928928796 0.484661148097327 2.36306199141039
"130" -0.970000879180792 2.68249238264112 1.43660015404112 2.81313234386392
"131" -1.79882199282598 0.872363341223627 -0.531900121004621 2.04500754023304
"132" -1.77499762907344 -0.065732643712639 -0.0189821803801269 2.12620147937890
"133" -0.279683434943661 0.717419785450389 3.30326079486848 2.86192250556506
"134" 1.13848708674940 0.981720051352917 1.25726441315649 1.04865599014815
"135" -2.25973988161760 0.0282194773984559 0.87262912979711 2.79503072090368
"136" 0.00102967593233905 0.921186503301357 0.458291469686596 1.77338885003475
"137" -1.34154186165084 0.528685222668602 0.79282589812245 2.95928606837599
"138" -2.29154909212353 1.24998644031505 -0.68559802879211 1.58398663706087
"139" -1.72073802578603 -0.205236872823972 1.10235676627185 2.92161234813671
"140" 0.590311559265498 0.412041160126768 1.45634944879959 2.02687222348277
"141" -1.03202949541390 1.83809965914554 2.4131382961604 2.66349089276147
"142" -2.07771209977393 -0.797845334093213 -0.0534058678246292 3.38434343353632
"143" -0.419907491017941 -0.162927341204799 0.691044898439298 1.80464630010497
"144" 1.33858633854298 0.372072018134749 1.50218770912907 3.10038971178737
"145" -2.08417551943873 0.221272926160755 0.310391145216527 3.57615847095919
"146" -1.54918506546339 2.52684780861012 0.752107318135215 1.75299124141656
"147" 0.0934777969016938 2.39219656548036 1.17391352529035 1.19491619730087
"148" 0.105778268210718 2.83382519738158 1.30314419336075 0.393606347508038
"149" 1.042852831586 1.84805852259022 1.08234133108130 1.10643059285043
"150" -1.44127936893861 1.94847188405960 -0.760114565102836 0.905505067848804
"151" -2.45079232217326 -0.203138599501348 2.09187783298597 3.27245731440985
"152" -0.660442606591884 -0.234596203074110 0.721369426187363 2.20252725542106
"153" 1.79298762306290 3.26662786948608 1.09292476823859 0.409379785038007
"154" -1.31708899573543 0.852236407986307 1.44916598797886 0.324483022123302
"155" -3.18403197383525 1.41939506873263 -0.559904737741978 2.04032393101264
"156" 0.0156060798026789 1.76047841897244 1.65612973082396 1.76986252684784
"157" -2.30481876482485 0.214124542981966 0.957152888934321 2.4760828270086
"158" -1.55587525678841 1.4561687545347 0.889633616101552 1.41126701655529
"159" -1.50362307893519 -0.41690010465027 0.554366388216422 4.21108262247751
"160" -0.31043774755743 1.43480305958410 0.066911725477297 0.79134423710165
"161" -2.31633107996149 -0.230631284611792 -0.105879561967000 2.62138311591531
"162" -3.92118039344471 -0.451508500177622 0.200505659625947 4.19902634893957
"163" 0.789113348716938 1.34027204896711 3.55013358333921 1.37252722764707
"164" -0.0579653865872458 1.02086066260605 0.834169567605633 2.60564253985289
"165" -1.44097784861522 1.01118312122124 1.19557761819741 1.36435531374968
"166" -0.517242987055282 0.201706870368772 1.65357414855574 2.6791999838419
"167" 0.283829237531652 0.93906049233189 1.63005562255005 4.23599040628475
"168" -2.10633498996721 -0.00857668677558032 0.419441799664237 1.78456867659013
"169" 2.62770318343247 3.71353803701048 1.02276970353659 0.415044210734091
"170" -0.694106593785894 1.19340544522910 0.197341043080654 2.42334252352858
"171" -0.763128462686349 1.46249427280733 1.09263010347523 2.14387136486312
"172" 1.68273646637014 2.67650956200217 0.680235351546421 0.602799544560715
"173" -0.0869272227074249 2.43134319896319 0.74280997504309 1.58128745962469
"174" -0.757871320073344 0.474034385314498 0.138827168068790 2.35885764115702
"175" 0.442381615994729 0.452927615669683 1.74166956420609 1.84368740135651
"176" 0.00322580866332234 0.402604161272436 1.69625430811652 2.96574659851381
"177" -1.91717983250544 0.210708815143499 0.722124331979576 2.57860962999885
"178" 1.01756140950939 4.2462236200522 3.33937813720463 1.00333618683402
"179" -1.79203322437078 -1.27926756569238 0.593098122899227 3.26398065030893
"180" -2.00547311721700 1.49153740365019 -1.26412944039500 1.97638523311633
"181" -3.3233209253158 1.09574162732624 1.17315862406183 3.16332311294808
"182" 0.68622170047252 3.64891538645875 2.0027763280658 -0.0659546359907361
"183" -1.39450304058709 2.28481509269284 0.704949145320217 1.58175431227726
"184" -3.38454152647457 -1.26988442495338 0.723118095091516 3.54500599108863
"185" 0.08159714968672 0.432131219406531 1.01868969475544 2.28521148785757
"186" 1.58281897699905 5.64570980223619 1.53967904009021 0.033805714189709
"187" -1.5660221679557 0.397825310056681 0.854282164625296 2.6488164992622
"188" -2.83505507607199 -1.98890846250807 0.972786642759047 3.06149507731784
"189" 1.52877757678978 3.10156598937421 1.63354302336689 1.69601647515803
"190" -1.02042252485715 0.259928025385633 0.917460322732478 2.89313199107671
"191" 0.731444800252716 1.86721143563548 -1.01742942809650 -0.237874434752178
"192" -2.26015756678731 2.2469670502211 1.82433013439859 3.50155190589072
"193" 0.924423261990417 2.16833757500986 1.01813615383963 0.377564509341393
"194" 0.245481282214424 2.62755378036038 1.60831543601222 1.60261090727606
"195" -1.47800827452082 0.0188148876513485 0.0933983774536349 2.09549754120724
"196" 0.179342904109636 0.572767837697058 -0.723738232881044 2.94910519813591
"197" 0.970366080589028 1.94117518840738 -1.14702260502264 1.13292282889129
"198" -0.976501658911666 -0.285622947325023 1.53656092041442 2.79936429544004
"199" -2.55942259901536 -1.14494017088459 0.509531665526715 2.20316010736902
"200" -0.517254165401867 2.20503087828930 0.555332889349458 2.49062122763369
"201" -2.26317957223765 0.727788144131403 1.45149400592336 2.64959893973328
"202" -1.30780109129131 0.548181738926691 -0.89753321505112 3.60749402618694
"203" -0.371526751254680 -1.41071981485483 0.312246913612270 2.72229684331117
"204" 0.541903161746367 1.22242482303825 2.62278433277407 2.95953645169205
"205" 0.158557953602970 1.93948445180564 0.391469776040959 1.69422787818755
"206" 0.420793216913112 2.67951977690945 0.71840020032233 1.42063677043142
"207" -1.61460035526395 2.40287170793497 2.31303306207166 1.69279122153239
"208" -0.99870297543129 2.53935315844929 0.8945035463634 0.530514900337967
"209" -1.1723893020381 -0.283411663260819 0.473055778241045 2.12775452577222
"210" -0.850516602798722 1.84681619708857 1.55894145740571 1.77364411827837
"211" 0.444687829808525 0.758767122127243 2.12038884683186 3.01493445991327
"212" -0.739477667184918 1.63878892423954 1.38521008028902 0.782707883971965
"213" 0.00740296765383786 2.49204136705491 -0.63192857852002 1.79017983076433
"214" -1.69262552154977 -1.44328883942233 1.24402896948726 2.72020194376157
"215" 0.809982418637036 2.15018651135471 0.741138614733264 1.83819082904203
"216" -0.503824331367316 3.53097472553986 0.979299771056078 2.6345773271647
"217" -3.32478957955309 -0.345646288061837 1.23832185249224 3.34924151000387
"218" 1.04361835357356 1.86648268060753 2.31759511242288 0.473456998518247
"219" -0.344129507952208 1.65724168304447 1.94479759818811 2.82489089588799
"220" 1.36913394888340 3.40624823565219 1.0078276018913 0.675335880970834
"221" -3.03239407499759 -0.217170067561703 2.02181481707774 2.14775962264061
"222" -0.104174261844496 1.76197936047543 0.565492211436168 1.40729674403088
"223" -1.66852646033558 1.34690060608212 1.70454358308510 3.40720857773813
"224" 0.337841078579232 1.43844993053201 -0.302110429098826 2.50190602987951
"225" -1.74592462300143 2.13750710637664 1.37545080322434 2.12245140092466
"226" -0.753683594838604 1.85322606108839 -0.432405923805504 1.91227047921484
"227" -1.93372069447475 -1.69692594150638 2.02779506893417 4.94762173008502
"228" 0.639550235565876 3.2570325227859 2.35983705965448 -0.000845247157325257
"229" -1.66240218009489 -0.130308468658727 0.498080119531995 3.84323734243432
"230" -0.326809327878455 0.865849901464543 1.83777073013255 2.36480958989486
"231" -0.300509379727337 -1.18577126615294 1.91032444807287 2.65052078766009
"232" 0.256760878852382 0.143440364376703 1.10623951867290 1.61375444832231
"233" -0.199042060579498 1.06178475217239 -0.597865593161609 1.29666990976375
"234" -1.22006353542586 2.43585254604640 0.716547110003729 0.941564218222597
"235" -1.07103106226179 0.343399627227977 0.306009169889835 1.14814675354681
"236" 0.887481222973212 2.1111800170378 2.16280547775744 1.12203502526948
"237" -0.0208842145789165 1.65308339607403 1.91123864029965 1.13325668551198
"238" -0.99148330791435 0.233108613591344 1.05769876176716 3.58297878809102
"239" -0.729067047303688 2.26370846541498 1.69786543801816 2.21259869995072
"240" -0.901970269564732 1.73468822804766 0.230362006905159 2.9917479128582
"241" -1.25471344083216 1.33857232624473 -1.58493731256035 2.52440293566562
"242" -0.142222095574481 -0.867229429278769 0.0670395669830249 2.73629869600641
"243" -2.56360537275122 -1.20377645134772 -0.508262427163984 2.63067426925603
"244" -1.79848035991104 0.47081577399201 1.20509600558773 2.0757781833335
"245" -0.45011551043665 -0.852878835246437 0.976455750682 2.64409246557939
"246" -1.74888182014874 -0.568623525142055 1.65167380514808 2.65251866847646
"247" 0.683476501966907 5.65615834658518 0.95848948274882 -0.630417049766151
"248" -0.881205912440574 3.04099186095438 0.341108489345241 2.16109483699770
"249" 1.21698551759621 -0.151470290124339 2.98635133088331 2.72915022835493
"250" -2.04326105564692 -0.307406637739141 1.12046446425373 3.58737436187491
"251" 0.261150481485079 0.294756193851467 3.09287037349768 3.24566622724692
"252" 0.151475220117635 3.65948195964868 -0.266888458127716 0.479685699756377
"253" 0.417323937671342 1.44813669471611 1.01560681875659 1.48152479777881
"254" 0.736796571528647 3.87525695821805 0.206019190877358 0.136314092981064
"255" -1.13933803732509 1.18816602963579 0.303410213837021 0.663740431607502
"256" -2.7527023517779 -0.802685039644136 1.17461063433651 3.01457694580236
"257" 0.0339220692485624 2.91668437735652 1.00432407228050 1.37903711885153
"258" 0.754236487622715 1.72495089609699 0.780781347624707 0.826680055945165
"259" -1.42053214485699 0.409017043702258 0.549954090817817 3.11822239471654
"260" -2.75155606001627 -0.387567895931233 1.75624000455411 2.49537762878666
"261" 0.376242682480467 0.736040378842467 1.36267226161182 2.54597491938401
"262" 0.344860787442181 1.61843590196682 2.24760098036656 1.65244652311909
"263" -0.550010824252186 0.74580053431433 -0.26003736718139 1.25864966555714
"264" 0.329885799762680 1.21726817144361 0.455692010307407 1.66732007697198
"265" 1.89382309237605 3.94328600001267 1.06804454273894 1.01149819141494
"266" -2.67214828047467 0.42907224144504 1.44312180859433 3.18108042108503
"267" 0.383102842445417 3.88579960457483 2.28551574078513 0.753614630098952
"268" -0.713166850732164 -0.494457674628032 -0.201274831045382 3.04224493079543
"269" -0.518784355767251 1.88620899236875 1.41400116712931 1.48625996185103
"270" -1.89157563680314 -1.11276226927398 1.06377424094391 2.91766677651821
"271" -0.295033476126821 4.28034262694886 2.86114882174759 0.141499804126278
"272" 0.540906163107125 2.56196114933608 0.794965870384424 1.35383844219357
"273" -2.82504506530465 1.03492358953255 0.275667102297565 1.72383530100346
"274" -0.337681908224580 2.08922817537389 0.542629884441977 1.63716586355219
"275" -2.42799763117351 1.87973823587576 -0.0527790643517847 2.85397984184266
"276" -1.64356207326259 0.923133613210269 -0.109540868074498 2.61572539373785
"277" -2.19180256907591 -0.225117349867616 -1.02245089132787 2.90417839891983
"278" -1.12755890305200 1.27622114979425 2.17177396576461 3.4338928761385
"279" 1.10003448414578 3.45226938473009 0.387214011923772 1.02794373325455
"280" -0.978472543616982 0.237875637109329 1.04808086089618 3.38887259244984
"281" -0.955553814778977 1.56567209529466 0.657153739124886 1.63645719503808
"282" -4.04152964164007 0.276188720778814 0.697681231370391 2.55533947363647
"283" -2.27925829512926 0.526062737534526 1.38017510434712 2.36656114608293
"284" -0.527264314968058 2.59705883976213 1.04859937182043 2.39703111839286
"285" -1.31863598087669 0.252294629007021 2.73476208473827 2.36295514846734
"286" -2.66149260209623 -0.89732854911749 1.40230215284733 3.77536954181842
"287" 0.48002725985374 0.587014056725181 1.55332076900283 2.30150991308163
"288" -2.10847960208794 0.425634873456623 -1.51848033188647 1.54401310005009
"289" -0.398839782533373 1.734449002187 0.541122835220469 1.42857966250059
"290" -2.62059480829748 1.24728344602698 0.673565432532533 2.98503717164775
"291" 0.34542349738499 0.639192131936439 1.1772542175643 1.82451236575969
"292" 0.299140859922227 2.87579389870143 1.37584813002301 1.1010947821531
"293" -1.06324432784682 0.190464026454094 0.989959438518162 2.86373763662616
"294" 0.225665729959673 2.72822165684608 0.439927226438728 1.52789740775131
"295" -0.98465916705749 2.65946290297502 0.397457983037684 1.37757027483018
"296" 0.72756550484568 1.27581702146878 1.90295899309386 2.25582618395290
"297" -3.13063306577309 0.606183710748847 -1.07339541997202 2.92645190788656
"298" -1.06795107457875 -1.16147628706491 1.57058975630794 2.56444534131379
"299" -1.63397882492045 1.51577523790740 -0.610917550493072 1.72547290551504
"300" -2.35811426774292 1.55979599390107 0.275413212948465 1.97822037756524
"301" 0.656139190331921 2.41533124392446 1.60883754942570 0.701470113696813
"302" 0.462963788865772 0.0210453329915304 1.34778590814085 3.12734722310112
"303" 0.319656238255471 3.52132068877197 1.69905103327920 -0.189612611808399
"304" -2.13366855951581 -0.0742178588630611 0.0614046303934672 1.64825639774138
"305" -1.14653047451270 0.465915155036601 -0.0314922444529431 2.01929855288443
"306" 1.67001842355581 3.68048850623684 1.70808604803400 0.0849191590030678
"307" -0.773654263468562 1.47435796696856 1.78504101666942 2.66895103365895
"308" -1.99067748208984 -0.867356036333516 1.60383346945963 3.22169044816240
"309" 0.152998613683403 1.60876036161118 2.46265510563912 1.53226681400575
"310" -0.847281005102776 0.718422790141588 1.17364477191713 2.04745156371442
"311" -0.273020009372549 1.84147479075677 0.827165847007868 1.26785711394580
"312" -1.81352035127981 -1.48349335232158 2.33558196117707 3.30878665815707
"313" -0.893618022944495 1.45892882464408 1.74658043121377 4.71356963894965
"314" -1.84182557271547 2.17736585479097 0.124230707307398 1.95677638746189
"315" -0.440976833814528 1.03499289719288 0.606741710522018 2.12511839804322
"316" -0.659695912928579 2.72059466197479 0.502507819185777 1.22708310291678
"317" -0.812270230451888 0.514267989932866 1.17237742587575 0.774339893068574
"318" -2.41635775198879 -0.542217643366509 2.56871711062202 4.30008687574804
"319" -1.9060248192535 -0.952879082463555 0.8319438949927 4.16985237460153
"320" 0.490926554447888 2.5298883002511 0.442312536612816 0.96441702440252
"321" -0.747195094020786 2.63497383230641 1.11911105663322 1.37153927167548
"322" 2.44107081562772 3.8305382991226 1.30434803802930 -0.452305443098297
"323" 0.907445041248554 4.52821767811408 1.27988569770906 1.67562438236400
"324" 1.18640361202765 1.41709978271460 1.85613345429846 1.94555284698229
"325" -0.69640693879537 3.59451025902249 0.262582443802683 -0.124569930567135
"326" -1.64214299920143 1.09752044074298 0.512188477382057 2.21192684540857
"327" -1.6152073926362 0.641841483804891 0.620046704534723 2.34780161803663
"328" 0.193301589988623 2.48686764139841 1.94823531818393 2.70637461186873
"329" -1.26455376736315 -0.47492452859411 1.16640653889704 2.56811419315548
"330" -1.42479970905806 2.23191320425268 0.829534996556408 1.52004983717485
"331" -0.343892402436218 1.56158804669491 0.212132955312706 2.46272011481958
"332" -1.92572372291294 2.41612092704715 0.636354101757139 2.03435370114706
"333" -1.55839037015265 -0.0335282624594393 2.0076116753364 4.19236847995573
"334" -0.60395256533053 0.762441412995214 2.05482235887584 2.23587839213159
"335" -0.0415815059848775 1.49142969340454 2.32442381662850 1.82335648742483
"336" 0.460499640661826 2.56893231243810 1.17161139908874 0.0719727049297678
"337" -0.957337530673789 1.03446078314929 0.82883402635901 3.00513693596113
"338" -1.60605602112249 -3.18229717742243 -1.24817933536046 2.86536486574776
"339" -1.12991106443953 2.02609547755122 1.24580340605845 2.70844549009524
"340" 0.298597543621751 3.08076025564882 0.633160031548437 1.46064347978996
"341" -3.21533140500020 -1.29262514438761 1.21543422660061 2.92798147857998
"342" -1.0187017262312 -0.0488788486310918 1.91868308245751 2.01849847432175
"343" -3.04659290884612 -0.953930049457352 -0.267917588028952 3.70845006985009
"344" 0.213306525316656 3.65807964175153 1.22376271132160 -0.749966258614811
"345" -0.681786969286878 0.316912968063558 -0.297656391862272 0.928226844022119
"346" -1.45948438369394 3.7858542738755 -0.196175211924936 0.294638423823567
"347" -0.363425688349224 0.555594466230151 2.47395387954239 2.76170278583462
"348" -1.33049132929348 1.06330933056835 0.311912221557874 1.81271169621258
"349" -0.296473907330297 1.5927994143054 0.940465570799206 3.14082103689758
"350" -0.42553228434185 0.939709820514963 1.70970050601023 2.04652730874953
"351" -0.90501596730923 -0.732256799713754 2.14275062155951 2.62183539291492
"352" 1.16503804849924 2.83105079347068 0.683959791172374 1.43380022522496
"353" -1.40569724254362 -0.449041491850903 0.588057077913477 3.03943483083445
"354" -1.93468742157801 1.36482163121395 0.684473914887775 1.46763032079612
"355" 0.0793607385233721 1.87388161298762 0.89843536173263 0.922217464994467
"356" -1.92220555362395 1.09290468721029 0.78621742157905 2.76370304332628
"357" -2.41500970998193 0.470567355144993 -0.36981308554468 2.92996951054452
"358" -1.10882003318258 0.461766521584442 -0.0838532346831247 1.10638344595397
"359" -1.69434993260566 -0.282774872635355 1.11416914706839 0.601318854569204
"360" -0.816056799145874 1.26903968561258 0.865439789647223 0.977730471070473
"361" 0.151975489116354 1.11954385326387 1.14497128791832 2.11030780465076
"362" -1.54660936446841 0.740688588457113 3.65713009162733 3.24065462422165
"363" -1.63145009631217 1.01327353168555 -0.293471232224473 3.43823419305421
"364" -1.16284889535289 1.48075722510441 -0.727788943117757 2.44160934202782
"365" 0.545407310850506 0.312572643776024 2.25571664101021 3.28780927235905
"366" 2.10887274033231 1.59739091107243 1.11337275414823 1.47272579475928
"367" 1.85126001887285 4.53003520683505 1.03952530093354 -0.290739766411755
"368" 0.251513724398302 1.36005034264371 1.50857720099332 2.53783360631921
"369" -0.556763061995476 0.904625952258528 1.2159049014897 1.89186157516478
"370" 0.094870966116887 1.55508312200467 1.08157518079980 0.962673173551166
"371" -1.93689115573046 2.84375544110169 0.78039871218627 2.04581998626495
"372" -1.96905981157991 -0.227762017006446 0.526751444397334 1.87914000215565
"373" 0.37483789328974 2.89463446540189 -0.280846122655591 0.208812973778638
"374" -2.03282820971078 -1.46278932809990 0.456180392187519 3.12326068771776
"375" 0.544370418952235 2.71563282345967 1.29363924611523 2.00677579679749
"376" 0.285404632899882 1.07969382464011 1.39643534972083 3.16669092675088
"377" -1.48516517547656 0.373192351834464 0.570138592023366 2.81421195620346
"378" 0.0407146998322927 1.62144590564408 1.25671704796573 2.06876616258445
"379" -1.68548891204401 0.571428449761891 3.03953211028501 2.76605695139935
"380" -2.20740643559898 0.664212542599512 1.12832361148662 2.01653782278790
"381" -0.149974487208941 2.35863312240746 0.0939617806899475 0.934239357757069
"382" 0.626180833686079 2.50673173859242 1.82025595147064 0.778646932747681
"383" -0.0798451475004113 2.13209291113322 -0.283390472072076 0.561516327060961
"384" -1.95914849377281 0.274155846596496 0.468714292343737 3.19140145297406
"385" -1.79769996835789 2.90869332932317 2.15854280730528 0.640375873598153
"386" -1.72102045496346 0.778415163226828 0.451519205568105 1.99410592749950
"387" -0.261756345479983 1.68593748715285 -0.691752995447875 0.95375534877898
"388" -1.14063386222510 1.18925835558316 1.93249911118269 2.17816220102487
"389" -1.35180707482393 2.82426819071387 -0.255126327792596 0.245324014926811
"390" -1.41570193586821 -0.0423200615167756 2.40703963583877 3.45570166453633
"391" -1.7741116093838 1.72445781956637 0.856228840173354 2.37903648484076
"392" 1.69436655938685 1.55160461704745 2.18424415110653 -0.231711887035032
"393" -1.30977881251974 1.48372930451565 1.20086789834450 2.44260888027007
"394" -0.275105855072999 0.83754869497537 1.43457054166161 2.37785358640095
"395" 0.448067310434139 1.98095543718183 1.17822365242052 1.78764424420238
"396" -1.77915181179401 1.25986775382576 -0.332551138623852 1.65282415277247
"397" -0.933390247863786 1.12230738161365 0.649295518336115 1.82020649011354
"398" -2.64130135761491 1.56529790678606 0.126371090945431 3.50887475072268
"399" 0.0788121222217618 3.40433414396600 0.919703976368275 0.774555606512108
"400" 0.673965094517866 0.367758697537372 0.853669034186611 2.94112557173717
"401" -3.09344611093795 -1.73795847236178 0.85841895350168 4.06513827634283
"402" -0.84947256185324 0.443777074947023 1.90991776834393 2.22527119700827
"403" 1.31752151468193 1.43874189893045 0.110539490748496 0.583230253595058
"404" 1.23230737232381 2.66557214190287 1.62123191378950 0.684744402348169
"405" -0.487148906865513 0.413307764783941 2.30485379478978 3.65922540305686
"406" -1.97460206872634 1.48287989654712 0.443580782311701 2.30574603529287
"407" -0.155809017650289 2.01392366891563 1.62523602977125 2.26321135277362
"408" -1.99033142617435 0.279326687012466 1.41092642658966 2.61313585980135
"409" 1.15147230551782 1.61971737381159 1.79230707658025 2.57577868495974
"410" -2.21581607190090 0.517594567284093 -0.791213651487279 2.50565041947725
"411" -0.742335045075755 2.40515860480616 0.157346415479861 2.12489221014439
"412" -1.04977970242074 -0.228166617118009 1.25979005870510 2.82620821167153
"413" -0.253938996022580 2.42054639181079 2.23975969069359 1.03971617825403
"414" -0.504361920593583 2.91930976759072 0.514116822170633 1.49692527898841
"415" -0.671433496556054 -0.79112231138422 1.23222798445672 2.69586880192372
"416" 0.541239528903984 1.84111563900644 1.98065471440577 1.10962647164916
"417" -0.148245830742819 4.18647762162542 0.795411517500196 1.58509428883210
"418" 0.965437968983883 2.13004859530576 2.77377650571296 2.19028661615442
"419" -1.25190119777505 4.16310519043288 1.61664466729912 -0.00213481844329433
"420" -2.40730976320406 2.18524799168620 0.854902415591367 3.02825562602691
"421" -0.762265630310262 -0.0701960295684527 -0.192102529305732 1.83913531784837
"422" -1.67199865122796 -2.18702126011546 1.49231872888734 3.231997042804
"423" -2.06593603143303 0.404936620962549 1.54985381283033 2.87265916385789
"424" 0.528371472644505 0.57982004493237 0.875908649809788 2.50984580026263
"425" -1.07657134356504 0.719942418505087 3.60704687314815 1.01144383697894
"426" -1.83049791074782 1.79898280770101 1.46320404646991 1.87376226220544
"427" -1.34659289303731 -0.0660359150413267 0.623394309107966 2.07910775720445
"428" -0.591219260898452 -0.80622334182478 1.80667250615857 2.99602376761432
"429" -1.45254592982705 0.512196443753004 -0.113796102665836 0.684064420254482
"430" -2.45843835292843 0.153844041958954 0.286163198292558 3.00679899182844
"431" -4.21212346886237 0.105952107712895 0.715518682848564 2.59314591627952
"432" 1.53970141121345 1.78660956138337 1.63251905108651 2.20574124396766
"433" 0.0418204541930318 3.42262808103072 1.17459430824882 1.35593529557256
"434" 0.381647614513527 2.10395234763435 1.43485315903393 1.07364796257693
"435" -1.83929318394043 1.30162189177801 2.12784447109408 2.45957134639459
"436" -2.91712956467297 2.14212803234175 0.385565481348397 0.775497258007248
"437" -1.52041094475424 -0.131508217360863 -0.0785399834371057 2.19005375767648
"438" -0.67087459411398 1.32649020546670 0.181960933333085 0.428812546220381
"439" 1.33804972063284 3.51727589121170 0.90425687504703 0.778130027414
"440" 1.32654924344831 1.84300340725774 2.20400156553290 1.61202976453355
"441" -1.43608251638774 1.31637081841484 0.479674383585688 1.53672203138446
"442" -1.00276449089427 -0.697472980910297 1.78789102384470 2.88218170898415
"443" 1.82288097894028 3.3377716341957 2.20290596491215 1.37952686321680
"444" -0.128280334120143 1.5024360054219 1.40118594918501 3.116432568502
"445" 0.702351483133076 3.25265290077202 0.629736598810027 1.61018753056052
"446" -0.80699149920612 2.39272789668484 -0.0218025158591744 1.59551108680480
"447" -1.03981151437977 0.813708775653735 0.630201481785251 2.75476795459872
"448" 0.0411327245936044 1.13211236793737 2.56716999499202 2.72321959446162
"449" 0.461253169314540 1.77696712907681 0.408812181242884 1.36998525469482
"450" -0.897929208870952 -0.196093236811084 1.92929245846070 3.04805422686185
"451" 0.603293770400062 0.126758651113704 1.84720008800086 1.84999089511351
"452" -1.56974787833729 -0.254085049201930 0.537926256782857 2.06747360000272
"453" 1.27111141208407 2.38078265636324 0.97189128302734 2.5732586406367
"454" -0.20207098652526 1.71388243142064 0.926827690946567 1.46782386211156
"455" -1.27326713141673 0.601024857770399 1.20320743667226 0.902941382908933
"456" 2.07761505205079 2.68688321516493 1.96367569003579 0.451863666876071
"457" 0.880529639536194 3.65780494036563 -0.357069252737025 0.851109142802052
"458" -0.187088860781667 1.69016574891822 1.12418861222960 1.302504408602
"459" -1.18630044480482 0.688848259770888 0.296784957700695 1.30186703082989
"460" -0.79991944530864 3.45219833118676 2.21311784191313 0.42926278961014
"461" -0.417210547630006 1.38099647426036 2.05598606990613 2.35507137218305
"462" -0.165921779975475 2.51004267362295 1.80995997075011 1.3153859774672
"463" 0.456704921695015 5.06840202894628 0.469831277178142 -1.11807758170063
"464" -1.71210759798833 1.12593736723705 0.848597645746237 1.11374576045119
"465" -0.480876506189497 3.46713509431897 0.445840366544517 1.69073380107703
"466" 0.56482015497394 2.81461992113393 1.69099985094966 1.61420929627179
"467" -0.948453821050352 1.72439590560676 1.45735052749042 2.10801604595436
"468" 0.625134658249514 2.92194473289977 -0.499455853684417 0.280091331663468
"469" 0.139529288141053 0.924194058539932 1.31971962140925 2.36606866687908
"470" -0.670817503155412 2.33950992161997 2.01706982741429 1.57240908970105
"471" 0.0260702904668979 3.02452539676749 -0.52196365436196 1.28183030434908
"472" -0.231244526427872 -0.722431798466373 1.47536185513308 2.31947165206073
"473" -2.66495637667057 -0.119481073156186 -0.077547276651492 2.28319286598520
"474" -0.367126348509596 0.692911019339281 1.51361417771527 1.53951245984549
"475" -1.24074502723759 0.247477748609874 2.60557571850984 1.46723182996554
"476" 1.05658613915583 1.73953321460168 1.15382540228162 0.924441966620735
"477" -1.83249372957471 -0.150217345881585 1.54921385389234 2.74150870050514
"478" -0.221348941740236 1.17750289097621 -0.0883747736447256 2.83414264915753
"479" 0.0471645249473445 2.61601953972562 1.3071523316728 0.895236746571823
"480" -1.25235733696126 2.44548692542565 2.03722381632787 2.51985149084870
"481" 0.144520685714703 2.02954494195634 1.10717141785011 0.589449285824857
"482" -0.800739751319424 0.364426148579121 1.16055423343198 2.16211826258751
"483" -1.57704458680327 1.96034272884561 1.68568776437813 1.45268978267983
"484" -1.00705089286430 -0.934582975335035 1.90470658310253 2.74210389791451
"485" -0.968954804498583 1.90748510259738 0.66136514491896 2.66221062347107
"486" -1.24049583378919 -0.466055190467099 -1.18170495676370 2.63231288156586
"487" -0.829430397304486 2.55062087345341 1.40765205456674 1.84186695440406
"488" -1.39041056318537 1.12441482651697 -0.587587868410759 3.17315723643078
"489" -0.329981748087092 0.848853946819636 2.54255660680299 2.27926539235176
"490" -2.03138525061287 1.52638633858906 0.765777561363284 1.94318026694862
"491" -1.25677733996723 0.963797844998533 -0.230538490258507 3.01188515601902
"492" -2.07911390215676 -1.02613131011348 2.25851497570807 2.98377375180974
"493" -0.529893778971714 3.32918872014091 0.00655226800244324 1.82434262094251
"494" 1.19511751572496 2.62423148780917 2.62279786053520 1.49628184862022
"495" -1.68359605914922 -1.01699854595978 0.906321843415163 2.81137562579001
"496" -2.38766599480788 -0.571476804924451 2.32553833995218 3.96543194648224
"497" 1.8783509113275 1.34319282678410 3.96303602266797 1.21275894760220
"498" -0.000766289435485068 -2.30715015585422 1.79478794508562 2.62476043438608
"499" -1.6259805546485 0.979982593985504 -0.709355113835101 2.32377283671988
"500" -0.404955227644738 -0.477067705373763 3.10918033357379 1.90974278959404
"501" 1.03892309829011 3.82188928652698 1.49010749588178 0.312654887063505
"502" -0.768818854848501 0.91061475028317 1.28445526950799 1.96496284956218
"503" -0.394110024894654 2.60632289101225 -0.102651314400958 1.83701435058073
"504" -0.775074600626309 1.37878940553961 2.33844289061438 2.11283558146808
"505" -3.60393336864045 -1.32395746637671 0.917360633220055 3.38572905667363
"506" -1.80228550476542 1.65186028756558 1.12773799213126 1.87267706034633
"507" -1.58330961673006 -0.408403097987133 0.211728766805455 1.23873631623271
"508" 1.73964478705969 3.48642949717735 1.00189783119763 -0.0607081314558595
"509" -0.739967106360579 0.921673562458099 1.03914019968927 2.43955208524513
"510" -0.841800498008781 2.44467106266739 -0.319635280855053 1.49366382829450
"511" 0.491417317265619 0.0595961230448354 1.93973716812245 2.60241400406439
"512" -1.71252187270770 -1.43638139548369 1.70671458032609 2.83169824635941
"513" -0.987898662269346 1.22197382301621 0.129894827954369 1.20619631203434
"514" 1.2323017770947 2.1910772826224 3.59923378552445 0.816204717651522
"515" 0.0873267350694772 2.95251453940945 0.402735315178433 1.34255331829368
"516" -1.62739963397076 -0.403976272550615 0.473631053455194 3.68237723365511
"517" -1.86566163935863 1.60239765567698 1.11589377987585 1.69812800085522
"518" 1.65664553012182 1.09976437711884 1.38530316292320 0.62976917606656
"519" 0.62917985478754 0.689305779419378 1.26297713200713 2.32254753293647
"520" -2.79032409998073 -0.98805426313183 -0.189978051772924 3.44070661209042
"521" -0.646925355296027 0.936774813815326 0.00302104849780593 2.75188225475931
"522" -1.06757322109898 -1.04359840506252 -0.344052669503165 2.54555592127998
"523" 0.542161814687989 -0.0606147954771654 0.761708108694036 2.13728329291556
"524" 0.767355347719535 1.39873039199262 1.94523532883118 2.64027091261163
"525" -1.15039310841481 -0.21691255839756 2.54437988330050 2.64164027851275
"526" -0.873460628945044 0.893883965842004 2.82649929590656 2.99354716489328
"527" -3.12303996370925 2.03507370043825 1.43748863653923 2.08722379277785
"528" -2.63376839584096 -0.130715935185145 1.19363047060359 2.47225366740944
"529" -0.820380771885901 1.18482114673103 0.516487288855706 1.5025889401455
"530" 0.96128430837883 -0.500220589601413 2.27548102990197 2.68718255964010
"531" -0.269110991617216 1.53986372796713 0.636723980793798 3.34626864628864
"532" -0.313985600007507 -0.721902521624352 0.0481826642686928 2.06192357040144
"533" 0.787873835286292 1.50135447986957 1.38665724771024 0.691542065955222
"534" -0.935482327275986 1.90740526052117 0.94883703944312 1.25544296268047
"535" -1.27863192139732 2.21064964591959 0.688255430907274 1.37615121231609
"536" -0.957382422905576 1.17603285100854 -0.0406979344841814 2.29216966698539
"537" -0.634668530311745 1.58478501259324 0.491294645611812 1.13898482289071
"538" -0.679511513123303 0.496253950887399 0.408774259063285 1.65589437881427
"539" -1.48898500045324 1.02187626266717 0.180756610907280 2.76272212704861
"540" -2.62315923196702 0.867233214651911 -0.138807872537683 2.87902862714469
"541" -2.02558745531074 1.34706614435234 1.36947388933278 2.44287111570135
"542" 0.792713831574394 2.25986082739138 1.5137382501549 1.64604121146314
"543" -0.72481292264326 1.92764663197747 1.23812385810155 1.55563935728282
"544" -1.7835918535218 -0.883682822045173 -0.00689474087440267 3.20775072484091
"545" -0.704119300332951 0.464250966607568 1.97305059858564 1.45511929768333
"546" 0.742246258176749 1.58896778889367 0.810062645172958 2.49732483428434
"547" -2.47655587431773 -1.52081889891948 0.112671531647772 2.40778697107808
"548" -0.14534043692007 2.89501406732869 0.211629354085873 0.855200398630723
"549" -0.924806018337196 1.05160943202437 1.70674390419892 2.78940907955293
"550" -0.247798609371307 -0.0442674569534407 1.28222947477776 2.80230550726641
"551" -0.250423412519372 2.83704656732419 2.01571456963880 1.97561678564353
"552" -0.650334058527458 3.32474068160535 0.71266187338455 1.23532738844722
"553" -0.628570969063681 0.402945325608660 0.95228154212325 1.90637396704834
"554" -0.0370402333402331 1.63195057523212 0.891005484989224 2.33865836307693
"555" -1.07278296705452 0.909648265255981 0.70585133710945 3.01928672514184
"556" -1.37439250657686 0.379556199074474 1.05588840586108 3.37260028447236
"557" -0.643671007322938 1.09155445193049 0.344308243786509 2.79082288658225
"558" -0.208387430306485 -0.151203248666773 0.870067342239763 2.44964084692733
"559" -1.42851627511379 0.748214876230074 0.111217273174787 2.25955921675864
"560" -1.83971479192687 2.25703936992036 0.749882928496132 1.98051425916876
"561" -1.05132215490437 0.558301756773763 2.11599308063162 3.74897957343164
"562" 0.660566326850502 2.16128667219491 2.03230167029671 1.28605043039724
"563" 0.274114624648618 2.32977603555850 1.72177048248559 0.86657348843777
"564" -2.12561779281311 -1.29203053673034 0.760197670150496 4.01875230433722
"565" -1.2951930245792 0.464847429870344 0.294083598880972 2.89148638897788
"566" 2.11395892564166 0.753155749805858 0.277377528682211 1.79953151747774
"567" 0.346334318790892 -0.614971897057334 0.620022787274511 2.26879917294959
"568" -0.990942850198102 1.37418282606738 -0.789249587448603 0.336405578066603
"569" -2.54446786323351 -0.299523185775377 2.17616606802418 3.38468869691236
"570" -2.58398358064799 0.255637211379332 0.35631266198961 3.64339337537009
"571" -0.472191203933268 0.456884161301083 1.43802805697313 1.97096768502970
"572" 0.677526912086696 0.840521498011805 0.560236783203233 1.8984877833718
"573" 0.203781292676754 2.81786654208662 1.67341600293864 1.32169465477585
"574" -2.00654013021366 2.36101481065314 -0.692360857471715 1.72184844042595
"575" 0.645841595866978 0.170649019793471 1.24935104067441 2.24717634247873
"576" 0.270442301433049 1.80822705983846 0.537341100322451 1.01185841216096
"577" -0.314698848263878 -0.677595402088983 1.35457358852416 3.18502484884773
"578" -2.39490693883101 0.657599279918848 0.0357057511364602 2.1410208623918
"579" -0.72174113021862 1.27054342269654 -0.155609749265152 2.37812531437132
"580" -4.35343737002034 -1.75047522207991 -0.0414360919826364 4.2811473147947
"581" 0.85247346954989 1.75124799789678 1.14620439917724 2.44908673318323
"582" -4.57139484568995 -0.639770071341984 -0.909123902316292 4.23879419630184
"583" -1.69473086692933 0.447192627181367 0.959302141278572 1.74560107242381
"584" 1.34556149691732 2.22441745370217 0.718158205624051 2.06542098964862
"585" -0.157973010616594 2.36724192434555 -1.06048344208500 1.55219683648362
"586" -2.17629482185891 -0.43627537932892 1.1215604188132 4.55281605519403
"587" -1.25377632851992 2.20030720576156 1.37449246500218 2.68189789963799
"588" -1.01612158890215 1.47787127353918 0.167222217468250 2.65178320325372
"589" -0.792709635996797 -0.785288682370722 0.803757330428847 2.6418649929194
"590" -2.21756097351226 0.258768834688837 0.791751674115081 1.69081926991856
"591" -2.86375956512501 1.94930276820338 0.0785363139847233 0.438568639955721
"592" -0.0567538229611227 3.67352388531123 1.05916863358718 0.387986834125283
"593" -0.907112818353778 1.48943534997471 0.183562812871289 1.47918012924619
"594" -1.52681395000725 0.455505960896574 1.34049742846069 2.24046152423225
"595" -2.09433191667973 2.41024944694135 1.33442557551816 0.420979853952929
"596" -0.645604574207309 0.431797154322963 -0.091212409383762 2.70701558120604
"597" -2.73285084562805 -1.48091987273291 -0.52861265925382 4.21834135461016
"598" -1.13982382021579 0.566007512360255 -0.817814768180556 1.58208009216225
"599" 0.77714335920689 4.65255122892131 1.57194643666902 0.856517341989961
"600" -0.665955390389872 0.854071254981213 2.57558189409661 2.42023769229792
"601" 0.698933762391616 2.52998902500547 1.03642279211472 1.27581107438740
"602" -1.72916627708996 0.317199886536943 0.00343460400721474 1.40741688644985
"603" -0.48474767441828 0.0570031550377914 -0.730410396772676 2.42883202054808
"604" -0.222528048389097 2.64885049253925 -0.533516982238144 0.372188434046171
"605" -0.0839288748402518 1.47934047190775 0.99295750633685 2.97433469664440
"606" 0.755462534198505 1.02031673801099 1.74584976066002 2.03377799273955
"607" -1.41814592914198 1.86236350301481 0.670609225615025 1.82395454437145
"608" 1.6753320704885 1.76167187225008 2.33806956072691 2.69774841660856
"609" -1.47135630255388 0.753167020103213 -0.293441596583912 1.03521942156929
"610" -1.78015086568034 0.552968351167558 1.59801916648311 3.42051989671800
"611" 0.383781385701108 2.99461189061191 1.80996103524630 0.568150761798253
"612" -0.494903049246619 1.15045577245868 -0.231737212880988 2.54448938640536
"613" 0.654979668726254 -0.726816842196526 0.73950230948523 1.37520869278613
"614" -0.856701755331938 1.83710904891163 -0.878966935530201 2.06353185027145
"615" 0.400008376101689 0.883106413512962 -0.159446959766920 0.743726748451073
"616" 0.151943639674638 4.50467647825869 0.841484125049545 0.692596409146451
"617" -2.88060623465240 0.681034659354953 0.0574256987308103 2.64520290051514
"618" -2.16897355650924 -1.01282052661973 -0.216092625196074 2.53692612707758
"619" 1.31711224032391 1.89048227079256 0.372081102183058 0.915442597783615
"620" -2.45723916034596 -1.50903638442757 -0.226500916982653 2.76314217289518
"621" -1.79144474322913 1.5267760976201 1.51294254466334 2.9573720192771
"622" -0.184929304776078 2.81874216885058 1.46241970529690 0.347721771660110
"623" 0.232221458256921 0.400672406700462 0.35743646630339 2.60110675760984
"624" 1.86925980040436 2.45582123741094 2.92886547126359 -0.0182580015272351
"625" -3.50550526817414 -1.18143940146159 0.463913979159906 3.32629838441492
"626" -1.69406954658191 2.60498206072703 -0.136433396752293 1.98272028529856
"627" -1.37408157387915 1.45342671185838 0.406979661847645 1.04264672168848
"628" -1.61622815371265 0.243086668012773 0.734447740136799 2.12057860045379
"629" 1.4398614498992 1.21048694497967 2.79369881068924 2.67394580925299
"630" -0.74424542527601 2.27404437403222 0.665611989000768 2.36563704554766
"631" -1.31969428202951 0.9554791353359 0.681707143940237 2.23831864653361
"632" 1.5045472393197 1.93862814072642 3.72369231061134 0.576295375392215
"633" -0.276362985743024 2.54443955895901 1.05093105517704 1.49328589885924
"634" -0.82668424792467 1.41062240225557 0.00671481661205708 0.732185053256096
"635" -2.28066393943672 0.908132351866433 -0.19331494840436 2.09342694286616
"636" -1.92812302617458 0.0116381622435662 1.39626665536728 3.00909040310425
"637" -1.90739753595293 1.01249920408733 0.571476064580715 2.26377394242572
"638" -1.27912434486467 0.271216634956573 1.33592079031911 2.05814329296336
"639" -1.25570078645172 0.250400429467783 0.378079386609588 1.32795542594119
"640" -0.167285936078938 0.420367044164134 2.59516326270961 3.19244718237650
"641" -2.77333001493662 -0.603217453339953 1.73798731845012 2.41066878676286
"642" 0.0332840947892127 1.99787543920669 1.08823966104917 0.52615502902692
"643" -1.28110330512005 0.508337536933079 2.81793687419972 4.05488473103931
"644" -0.278526499016115 0.641012558391402 0.60452604703174 2.57915916007725
"645" -0.396483634273098 1.21825177263758 1.3027979474793 2.29609441624784
"646" -1.31749533760800 0.267268491823125 -0.342980697298195 2.60964133210623
"647" -0.737812411094464 2.635503558306 0.8532694203204 2.20544771408716
"648" -2.96391399470237 -0.896218439084449 -0.0451932741277257 2.91849747545067
"649" -0.329426128702834 1.30508865061715 1.23248057190907 1.6379371987053
"650" -0.141632665107536 2.84729761183722 1.84438232355397 2.92424497387231
"651" -1.91479936541673 -0.194732558237743 1.53575291525010 2.24230794678252
"652" -1.03236431505695 0.934068172079247 0.524274559251898 2.60607366357049
"653" -1.14005047472896 0.0516994073954644 -0.475981673731539 1.57735647628122
"654" -0.733057777150696 -0.358496684508553 1.21847180643844 3.12257922848658
"655" -1.70969579753880 0.463731538948662 1.4759468102013 1.31652073034786
"656" 0.68669232815142 3.38639897299358 -0.427061029554796 0.0470564208833792
"657" 0.94891468115271 1.16825966076124 0.87013492654447 2.45360876139491
"658" -0.940239837934634 2.34379216071056 0.550592574874006 3.44806781426559
"659" 0.0448036164802268 0.668493323866698 1.10509286406951 3.00638412867327
"660" -0.0699663209199082 2.25272739715266 0.633446502801408 1.20629468330668
"661" -0.83070663145583 -2.51626537963436 2.71893075262872 3.06941916178966
"662" -2.71466001771699 2.12559098543921 0.0567279820700007 3.03863544357151
"663" -0.709478168811324 -1.97398613590853 0.994038749950462 3.80706311317864
"664" -1.67326089998902 3.89495050665251 2.53811078462141 1.08466276928039
"665" -0.235764358718906 3.04485703213255 0.331150114810498 2.43003488251993
"666" 0.151236253466609 4.02467100775587 0.561213726994086 -0.0307367442531294
"667" -0.261150368039844 -0.372181883298913 0.689493848325408 4.05284785358175
"668" -1.15875847255791 -0.0449665126282144 0.183023169925894 2.83933778085468
"669" 0.732669304272796 3.88639522667578 3.64181687779995 -0.0618467493481174
"670" -1.32779856085089 -1.08318598390688 0.326500497306230 3.59624877678868
"671" -0.388576326063991 1.63127567588314 -1.56978705686109 2.78152877659626
"672" -2.32573849627377 -0.140729355862058 -0.299914636147118 3.51618245760641
"673" -1.5804328165724 0.550555253116145 0.338028906811726 3.06750984517566
"674" 0.131228698626234 1.77761914447040 0.755974514639862 1.17177889569089
"675" -1.78721246334756 0.346990987867721 -0.539908364439543 2.76488317108046
"676" 1.76447257701158 2.72183985747734 1.74681117408851 2.39101665617487
"677" -2.7212811971401 -0.938870053046953 0.273583096998689 3.78554947270206
"678" -1.30226563594663 0.771020849754874 1.12271129401199 2.34331670363679
"679" -1.49905123513525 0.903779506091492 1.33278985450504 2.86794963089199
"680" -1.25569537838080 0.579906918910878 1.30648687828517 2.60339366012952
"681" -0.367420120464171 -0.126385896762921 1.32637007571602 1.61928061978219
"682" 0.0602786804966415 0.00843358090452906 2.69621868160948 2.38477764936553
"683" -0.813791044139931 0.589540381929686 1.17677203642645 2.31597261455421
"684" -0.105766375659529 0.336122163481145 1.56721257760417 2.31388695112208
"685" -1.82909409520873 0.834589459916056 -0.0212966071518186 2.22692737443549
"686" -1.23525999769002 0.457800719956686 0.77967312794382 2.00409869637275
"687" -2.98950302066616 3.03274459294232 -0.677774770885623 1.47610450329260
"688" -3.41104947508851 1.06625633795246 0.0474708846913252 2.19679249698288
"689" 0.0305280393871789 1.67783311384680 1.00952291013202 1.7077211283409
"690" -0.348876173768603 1.51512840840577 1.00779917530646 0.421809250991795
"691" 0.466167686881148 2.44499660218135 2.44059640191920 2.38808249467447
"692" 0.595405707455789 0.747337306371727 0.584571461867253 1.46927662336407
"693" -0.610105941314065 2.28127944341435 1.67918755672212 0.873916195027501
"694" -1.88161456996349 0.608112321142909 -0.266351365416189 2.03358099881951
"695" -5.53585038477962 -2.09046038095444 -0.224310700754517 2.41293067679729
"696" -0.0351571393608388 2.75762639408994 1.06223289100209 2.95434048791485
"697" -0.472344382060327 0.355064965229579 0.864967437843605 1.96412098555828
"698" -0.496301626307864 0.790628298326192 2.17390275620935 1.98405550537317
"699" -0.627262188086591 2.00120488335627 1.10672284108794 1.28918575865639
"700" -0.328652277657335 -0.120660033313688 -0.107471844124432 1.54617089110386
"701" -1.56397074448268 1.28956851936085 -1.09423713480705 1.37475452916774
"702" -1.35168361839407 1.20543741473991 0.422944565786085 1.55111129182134
"703" 0.534380044955393 3.03056458648999 0.686280266446508 2.38685968246474
"704" -2.53942277084557 -0.122064828029394 -2.38890093980567 2.08232426098393
"705" -1.92530080627014 1.45048718529418 0.440544739389984 2.17979766118695
"706" -2.62305592131813 -0.292217474024372 0.818412397091958 2.29138110144783
"707" -1.03678060333795 -0.618240350990101 -0.107292657417293 2.34262499161716
"708" -2.10891042156324 -0.282125732909849 0.783175552235894 2.85349026722103
"709" -0.0625922305654876 1.88668047794323 2.50385362402346 1.26536347261662
"710" -1.29271118820996 0.687342620697347 0.163739883490535 3.72233098899781
"711" -0.859336732429236 0.495390162455425 1.72321343338041 2.58780540431229
"712" -0.0404656928004283 0.322564473888014 2.50613344244646 2.17987186063930
"713" -4.24239535809045 0.483076051439674 1.36864004684216 2.64379723791616
"714" -1.5171309716487 -0.499536840832092 0.945892695085368 3.71816759838327
"715" -0.321362741992883 2.35101465002265 1.60021608940586 1.69177778626315
"716" -1.09190676813766 1.63511400570044 -0.178274443269796 2.36289188749212
"717" -0.504317955041047 0.589015391401659 1.27719294367950 2.51558292497679
"718" -1.47544279248009 2.07045158519046 -0.115860689935469 1.21965401699852
"719" 0.18243615643212 1.37216109475135 1.35260518044647 2.35576468109749
"720" -1.32087078958445 0.495852718941069 0.239523397749065 2.31881442912607
"721" -1.16359727719719 0.163989980181113 1.34170716354482 1.85039943922908
"722" -2.42181321858022 1.21451341050095 0.627556058033675 2.41516957031501
"723" -0.330444287241709 1.56541194874716 1.43346830854981 1.29545720214313
"724" -0.99129247428769 1.64531432608781 -0.367291631993596 2.54213244719628
"725" 0.557940215213708 2.7985925619241 1.75779330110426 2.07124893122413
"726" -1.73962148947004 -0.0996828042701573 -1.02043117376506 2.67766628458139
"727" -1.75914197014354 -1.50752183571187 0.392958254538048 4.19859929838759
"728" -0.249698236249992 2.95230398504968 1.42101696726643 0.919340698114647
"729" -1.05743105318809 1.67004629575727 0.784929315455808 3.10696434437775
"730" -0.671767563386566 -0.0105122252965043 0.99601647694076 2.64842003472757
"731" 0.077908200991946 2.34700314405987 0.357227630501035 1.65154607340223
"732" -1.11078355840223 0.879465265005858 3.19414034751867 3.40493265489941
"733" 0.902705527338563 -1.02386896169669 3.02943004053997 3.75784174072121
"734" 0.836260921779604 3.58258170090655 2.33274032357587 0.61447193251209
"735" -0.804226981213805 -0.0716670408780316 0.584709777115229 3.03597204569871
"736" 0.590236348862461 1.06122528384936 2.19249900276861 1.37684259190445
"737" -0.15659537943762 1.59288314034597 -0.143487719024666 1.82297354928197
"738" -0.759675475101936 1.35381533124393 0.0829547755127249 0.972631494745297
"739" -0.938604747997225 2.02532263608043 0.94550173155716 3.26482860910101
"740" -0.322058925860551 1.00540942499115 1.81171311746326 2.71883354788532
"741" -1.3823537434826 1.07001231581124 1.38538719663462 1.62298606763632
"742" 0.46083294608072 1.99806277144914 0.733019837610473 1.84273480008642
"743" -1.58904460803171 1.23291893146895 1.05048618063849 1.07082501925219
"744" 0.914887051948724 4.38893634792611 1.70936376539256 -0.0312535975596666
"745" -2.62863557013044 0.489338105149013 -0.695887831783011 2.37570254102570
"746" -2.02982338129459 1.3906103221774 0.185051149982277 2.96158889412407
"747" -1.11389369575821 -0.887815946995802 2.73175889114764 2.39359246931436
"748" -0.684715019476387 3.18946468044746 -0.126739266311402 1.32093264471509
"749" 0.286288157550069 0.903606240128057 1.42190181728136 2.32617703846748
"750" -1.85785466032030 -0.405544835956205 0.291589748214453 2.25171220046099
"751" 0.253370162785164 -0.516462402604008 1.46362364935879 2.60737402185057
"752" -2.02277754365330 0.132675839633236 0.941774270597742 3.49896194554134
"753" -0.799675056065706 -0.559480394085339 0.945806665056151 3.4746134091984
"754" -3.44795550504405 -0.544716144449566 0.0761459983812092 3.39931273035392
"755" -0.853768740921736 1.28841761053364 1.33105120730886 2.59470426663948
"756" 0.902600707930271 1.17829680264089 1.06287892901451 1.54543886941918
"757" -0.90385524985949 0.0950526827325273 2.34094177860666 3.62336004373736
"758" -0.253933338950938 3.58782694459324 1.36272931898248 1.06192583551689
"759" -0.629499115387505 1.63752072479981 0.689960712895005 2.49353516868632
"760" -1.16251291340146 1.91897336133432 0.263376208754354 0.688828211887576
"761" -1.25500257341487 0.487137734915023 0.0425415136774286 3.36092912703236
"762" -2.92145573695837 0.752742737325403 -0.0687192574845874 2.5587345244359
"763" -0.586192265426575 3.00255076479537 1.41710965869531 0.95643456221465
"764" -1.51415401465750 -0.807851495246952 0.881803886744525 1.30054894584839
"765" -1.28553076312198 1.55000793088585 1.20986411447868 0.963724284837566
"766" -0.104910694441917 1.72904286856949 -0.714363142063082 1.59002444260278
"767" -3.69060434569843 0.0194972957092343 0.0416071926960431 4.54989315662245
"768" 0.505154762271845 1.84248174671255 1.97934687606035 3.07954116268845
"769" -2.41769387482843 3.43111582799425 -0.551912507725819 1.82716621762525
"770" 0.566049498005828 1.67743664608778 2.32840140037436 0.952851102633577
"771" 1.01039510706006 1.82804812988382 1.78559949996058 1.89615485336114
"772" -1.41192748970716 -0.16925267119298 1.35564643756127 3.07118170440954
"773" -0.0786572269347293 2.33971320839721 0.276550762574339 0.16534087635196
"774" 0.631769588859962 3.94947197413151 0.293921409094915 0.435520960109043
"775" 0.208859999423919 5.29237695913996 -0.172576560875367 0.520517170874696
"776" -2.93732825567955 0.931634888453228 0.615240894196891 1.68911999571262
"777" -1.15612592766241 -0.414810307257273 1.43874241296081 2.59431595366084
"778" -0.0727098847712456 0.262164639088993 1.41769747516918 2.52328534427434
"779" -1.75680070707255 -0.384313760951368 1.05101880615399 2.97055649240394
"780" 0.986020047705386 3.99210228997085 2.04487167829388 1.20915349248553
"781" -0.316708596727864 2.71756510448928 0.507422082992614 2.59748443792871
"782" 0.361156825838998 0.836205982599768 1.45025632229709 2.49401064192951
"783" 2.32694420728372 3.6187471678718 2.38771804739492 0.91746285309684
"784" -0.0359819454851786 0.668438087987681 0.266403628519795 2.3661133242595
"785" -1.21896911716392 2.21497014137428 0.926624559511407 1.14933865010275
"786" -1.58339655823660 -1.15741578735650 1.60765437370409 2.94909669805040
"787" 1.5748776875558 1.54400223495720 3.16351247513856 2.34454651678173
"788" -3.4758026860125 -0.0414021179401422 2.44634383496383 3.01690677745137
"789" -0.290188157798607 1.54428186686648 0.354304277815146 1.88279800449962
"790" -0.507094957160456 2.06442872597283 2.13715834374071 2.29978940210845
"791" -1.79288917887628 -1.05534823687763 2.84756834121217 3.13514602928320
"792" -1.23693871454868 3.08301497610098 0.400557103942386 1.21542439474927
"793" -0.993483910719461 0.82629531179412 -0.951075188155165 2.17724936156986
"794" -1.76235101718106 -1.20557507812909 0.262353888722683 2.35854816653591
"795" -1.64912808117650 -0.946857896262168 1.62360371660372 3.68166513755129
"796" -2.75220902880493 0.233032518979456 2.03645853123494 3.37480749755501
"797" 0.0354203691624613 1.87347038297073 2.25320666601657 1.19153945862363
"798" -3.23189196199817 -0.0401993731441041 1.00252193627218 3.11922238225719
"799" -0.687883391810381 1.84507362335975 1.38985739782985 1.82357477723915
"800" 0.368659252826128 1.17348582786016 3.11407514978929 3.54186251333059
"801" -2.55211674820193 -0.79428909401511 2.01892661014020 3.13373427957852
"802" -0.680331470152473 1.49405017303006 1.33698108913545 2.80335672266007
"803" -3.39490063989464 -0.207808101536546 0.0900046809809832 3.29999268187229
"804" -1.31841095810015 -0.267781127644126 0.858623842937027 0.269177557556583
"805" 1.24750242326124 2.46354656159732 0.0474512831818162 0.385083793035433
"806" 0.57587528768212 -0.0615718475716631 1.36211221081995 2.32079094411782
"807" -0.0696570685633989 0.0987821220734841 2.58887749753619 2.72709747655066
"808" -1.17875686428508 -0.305578257617406 1.98716786906519 2.83868874431676
"809" -0.290752509341496 1.46907740604413 1.67964137706230 2.23868503613132
"810" -1.64204560915799 -0.245915258447144 -0.113242066003981 2.27827151469993
"811" 1.26687129789179 3.75426369796248 0.351740876678452 1.46046061226266
"812" -0.986220174252011 -0.472183398017946 2.01242283135784 3.41683141060842
"813" 0.00960441584002736 2.87875103512486 2.62006829887323 0.289399043348216
"814" -0.0294021328446117 2.42294384980446 1.10190763910352 1.67386393632195
"815" -1.81584554567307 -0.199826948206743 1.23044738002726 3.31332046835069
"816" -0.213353855438284 0.530204827305332 0.659165550796482 1.96693019130326
"817" -0.336894565024113 0.33436861122107 2.60636522314182 1.62507631659027
"818" -1.01048152774671 1.07598335466708 1.10172947390862 1.94623505628620
"819" -2.22737469932277 -0.424711261237925 0.649897135643548 2.91130201209178
"820" -5.0421806506475 -2.20767756928961 0.876354685902064 3.73127560257416
"821" 0.796713754070801 2.39706668275482 0.755699898039868 0.254309407170313
"822" 0.860359068565691 0.21073851881859 2.85731424579620 3.18160146689727
"823" -1.60267292611548 -1.31106034342957 1.57276570392986 2.26709540427284
"824" 1.25283456042020 3.02504930396244 4.1149779299478 0.584331076469359
"825" -1.48004969410684 0.504743762414904 0.134593250179383 2.3012857957135
"826" -2.23765965930684 -0.704513790840488 1.18172043460338 3.52778234038076
"827" -1.17182784182556 0.00104519324636262 1.88076722832592 3.08370825776837
"828" 0.139227447248744 3.21592405464163 1.12152207709451 1.28486913925584
"829" 0.728272160695921 2.74998378669658 1.21334820319936 0.757323975056983
"830" 0.574663861545052 2.65443047306598 1.43702583564522 2.22060766761564
"831" 0.614728393062199 2.55159220624322 1.75593297287157 0.932485531449913
"832" -3.33729767096357 -0.521531744878664 0.249845282838535 3.53981305569411
"833" -0.281707286012537 2.31080453994703 0.0750174225324882 1.05821100039024
"834" -1.29641882529722 1.56526445361548 0.957048950739094 1.43352814366583
"835" 0.318752719447322 1.36680733383471 1.66094439317972 1.65144280273872
"836" -2.17609777040252 2.03701775145432 0.568760422912051 2.58102430029082
"837" -0.891112301559637 0.858269804246615 1.272431360924 0.351004134242282
"838" -0.847113149628153 3.93957895525587 0.228128866887564 1.54710675810148
"839" -0.361726407632597 1.32802800172033 2.18920106140682 2.09149959732921
"840" -1.04665480294685 0.242649649534008 -0.278041552319017 1.92590968963351
"841" -0.604162860884655 1.08299774194179 3.28135829113744 3.25564364957988
"842" -1.10234682262801 0.821418264330643 2.26648512770426 2.80686210393426
"843" -1.96618642116884 0.875146288037373 0.140912962700031 2.32823624279490
"844" 0.0364937787307971 0.730832300263816 2.24264726815902 3.76963183034554
"845" -0.176990698297702 0.311183091674009 1.02031426974094 1.73169331019280
"846" -2.03288995491265 1.26082300427013 -0.089033940830131 1.94366506317773
"847" -1.50035318256964 0.383435662973738 0.5982496689226 2.35370657982327
"848" -0.897172881308908 3.22533845499112 0.929541428214108 1.09382790502200
"849" -0.620271211538989 0.748687367822204 1.56050437593352 1.01443401394061
"850" -1.25004266438169 -0.366672319417131 0.749563899173867 2.39049670357649
"851" 0.294189472020898 1.52735545965422 0.462525643611866 1.52858353685331
"852" -3.23882523525176 -0.459339549407741 -1.06813121905953 3.76614790252056
"853" -2.31929345876032 -0.114753577163461 2.53770708301565 3.27970422202705
"854" 0.755340895228499 3.81983247238675 1.05530618110689 0.257967716097919
"855" 0.378890688382862 1.57241269387237 2.22887270270692 1.77451637000492
"856" 0.336340343170335 2.24920427238486 0.317758863481033 2.05703689447219
"857" 0.428524137124967 2.90722890213855 1.04101537524686 1.49465711343593
"858" 0.660239954815137 1.76521792416516 2.12273780074129 1.73236292887731
"859" -1.87036376322833 -1.88419479511279 0.160858161230255 4.72051558794536
"860" 0.53612101125935 0.35543417236828 1.45054468366004 3.56027471808354
"861" -0.589920933278456 0.0984589770106428 -0.815170987124119 2.03632665154384
"862" -2.16940925539808 2.0816081627719 0.773393443197159 1.96386120391647
"863" 0.32716946792037 2.74179331512497 2.21321887343026 0.446651913721455
"864" -0.569960853884009 2.84826045332285 0.209257570881637 1.02179677452934
"865" -0.529693447982766 0.238157370918982 1.43974157205164 1.94940790878333
"866" -1.64381394379114 2.65621877035537 0.505843513134325 1.54289597767399
"867" -0.739906001369112 2.90746713489169 3.0749525838194 1.41286688990059
"868" -1.36991322586267 1.19283611001093 -1.91124837077741 2.41902387824222
"869" -3.04829342530859 1.6528335520155 0.590314221188112 2.19516094040489
"870" -2.08882889808820 1.40665986486594 -0.89255238303833 1.41639627954507
"871" -1.52458096586665 1.6880508849981 1.90128586915138 2.52604652213877
"872" -0.590268821081724 0.72949151428568 1.87141286058686 2.96777173789339
"873" 1.60041916960784 1.86031178461918 0.249835091731288 1.54800459317829
"874" 0.988183890496967 1.0036352262092 2.27271457709965 1.5911083191789
"875" -1.90827203593815 0.969089259083432 0.836222790683115 2.2621032005385
"876" -0.362233748739956 -1.42040897073326 3.50647913762712 2.36688363874946
"877" -1.33326674893663 1.25772740868423 0.107861907317543 1.68557579698174
"878" 0.0880431324258985 2.65305429687727 1.13962105903955 0.690717802576584
"879" -0.73062959074182 1.53210217371958 1.65605519978655 2.79030608108924
"880" -0.61223251819727 0.147915049211113 1.59166069663304 3.669666283448
"881" -0.63754965296475 1.38981303844038 0.516472890073488 2.74480537425815
"882" -1.70339770738103 -0.0418740868065683 0.864277163866317 2.22066500238574
"883" -2.65362293294943 0.634438700429967 -1.10357039634602 2.04881084663734
"884" -1.22373734713109 0.6971667676714 -0.0477408759065885 1.88753304936728
"885" 0.50591654696637 0.364821761948911 2.16051974102643 2.45443383073922
"886" -0.178385737230000 1.19091432135661 0.50265872098676 2.56591800480517
"887" -2.08366654680551 0.902484023523964 0.81210230653665 1.88921981781955
"888" -0.551363017677763 2.09384044862712 1.95710549022801 2.01998856837463
"889" 2.84803190185481 3.63720945894688 0.514753126926323 0.299250322289207
"890" 0.86721928574469 3.82001415577585 0.0274452304801606 1.22317428702736
"891" -1.82390272401275 1.29535944235708 1.56621669478975 3.21278544603256
"892" -1.86178483806950 -0.129174042262331 1.06499707633150 2.09518994081971
"893" -0.415612993256308 2.03781570836527 0.042260539833064 1.46036813908537
"894" -0.596182534184253 2.0737367511606 0.442494612790504 1.41669602453474
"895" 1.10336528224116 1.93843806381202 1.34103670069541 1.24338693993784
"896" 0.0963460721871037 2.33459979838267 2.68912901497135 1.03002986063742
"897" -1.56068168031383 -0.576545714640533 2.42809062008428 3.04991325656172
"898" -2.28455481837467 -1.41971691751874 0.229190594511567 2.51899361890287
"899" -3.15656840048731 -1.32963312090326 -0.414088302598851 3.29872325871475
"900" -1.16907883908549 2.17822192020352 0.865511882524605 0.656987330682233
"901" -2.07073637435373 0.726338893379108 0.866420792953692 2.71742751656707
"902" 1.96323005725516 2.77123432709247 1.91691943991896 1.26712245704866
"903" -0.800455594120031 0.987293183401057 -0.309092960982251 2.11502876405012
"904" -1.43848875288752 -1.68536219783244 0.131698962984681 2.64680196228758
"905" -1.54688522853405 -0.0490635562811798 1.74593490753051 2.55865057023019
"906" -2.00237576080826 0.95796130831053 0.987393539880816 3.91008413112954
"907" -0.972088117045564 0.457770570392794 0.834750009489175 2.38599832691091
"908" -3.54551796549865 0.596686553486256 0.731621165477905 2.36719115753441
"909" 1.54072270729444 2.86115498048322 1.23785949832459 1.66410703102074
"910" -0.407730283928696 2.54703396633368 2.58530752348724 0.720764626703225
"911" 1.53979035006536 1.34043569731515 2.19790260863815 2.08469595609734
"912" -1.30475758570394 1.13600629348358 0.222615438056790 2.04630166422877
"913" 0.229670081014153 1.42280981499166 0.891774966681232 1.07908829289592
"914" -1.12004771652456 -0.0024184485180041 1.70938503210628 1.34003918012473
"915" -1.30030448509108 2.24398711044658 0.613027830468335 1.59649402151101
"916" -1.28462286962424 2.49887817232289 -0.0157545634364211 0.310668571941988
"917" -2.25507108424517 1.01456162776777 -1.16285155791341 2.06230267743151
"918" 1.44641632889871 2.97492438753304 2.79827584240844 0.271377464952155
"919" -1.70826640185541 -1.60916388887369 0.943429198131158 2.60820339849851
"920" 0.354974818082117 2.79032736503773 1.72451816670489 0.787386591579786
"921" -1.66248277479618 0.651110084813928 -0.142428687194291 1.51668145516626
"922" 0.650140819041088 1.36674701462902 2.98290470502836 1.11330582768444
"923" 0.727943726388382 2.84558398767263 2.23023712559309 0.965491125169307
"924" 1.60974687102952 1.42663852404487 1.03168942519837 1.02731607044481
"925" -2.37826062597200 1.28882581514302 -0.06182995266035 2.45729129618038
"926" -0.405483025729449 0.829180036754268 -0.240101602428521 2.20122612803105
"927" -1.50674263640022 0.0782220022385773 1.20961950041750 2.13636917809413
"928" -0.96043836434167 0.497278007067247 1.29437810172915 1.77190370147987
"929" 0.0599739607559592 0.293174664528566 0.915342385919524 2.21983434444560
"930" 0.0116122443961252 2.30072115859068 0.28680298563294 0.114617376244425
"931" 1.94967854616679 3.39629899903165 1.55676316673588 -0.0827087474371768
"932" -0.416388920848907 1.33643341686757 -0.8460664740461 1.64738203683447
"933" -0.708343452981997 -0.0559957811498314 0.56701745221777 3.18724143055154
"934" -0.219998643645028 -0.395280525427929 3.37298496840072 1.94716519716894
"935" -2.43322733609083 -1.15851598319347 1.86716641499338 3.08609492854811
"936" -0.650611316898564 0.789891392121264 0.869834173242815 2.03532927517813
"937" -2.08025213562005 -1.16474627372839 0.128024924656443 3.57710323291446
"938" -2.61892248213481 -0.160984051348931 1.52366218052569 3.10854237125612
"939" -1.22786079018116 -0.269618369430874 0.15576045013081 3.28259764345427
"940" -1.88961254364188 1.60683505002934 1.65066254355210 1.99141126977314
"941" -2.86113882023571 -0.924278391460258 1.25005990442642 4.02647275511667
"942" -0.348135401702029 1.14946913557331 0.290632897338962 3.09395764912497
"943" -1.21542144805806 1.18344537969755 0.791894454777205 1.31321940387361
"944" -0.887217868791311 0.381682690661506 0.629142081270692 2.88287458953939
"945" 0.750130066553707 2.02464095528055 2.04335024049209 0.695002600676837
"946" -1.13751719090026 -0.241345515383905 1.07654366754873 2.7820315187697
"947" -2.50884039358531 -2.41188457869019 0.528033537975905 3.25277347215337
"948" -0.706675591729965 2.37933678888938 -0.0192163542095445 2.02351119482389
"949" -0.232277056538733 -0.229386040587024 1.40292696012089 2.73894927721178
"950" -2.28891495379574 0.654145251156898 0.728179800400925 1.92442134329306
"951" -1.06796245143136 2.35740401939151 1.12557223899063 2.77803402680507
"952" 1.41179362018834 0.527443645958736 0.73236705299184 1.11453178812128
"953" 1.03383347673910 3.91769155701491 2.79062263841648 0.652970527807499
"954" -1.17773374020985 -0.973863556085967 1.36454011382937 2.71732049189626
"955" 0.565577723664715 2.85936009856152 0.77175026135899 1.87461175781237
"956" -3.18115352570416 -0.362640382507559 1.35682994010164 2.61217500953759
"957" 0.756758843642065 2.52642049435458 1.06415242730920 0.66208023126542
"958" -0.277131311252569 1.64445222489224 1.90769870173180 1.05743264581158
"959" -1.77556474668458 -1.13398293987346 0.748892065455832 2.87639509115397
"960" -0.505778176678918 1.31143315522041 0.419329081335562 2.17770575827351
"961" -0.710426702555789 0.234867094639839 2.36712242040389 2.5809227144938
"962" -2.34845756826414 0.102747168678045 0.640623927795941 2.75353332305193
"963" 0.296653185226012 2.45236459522834 1.68106300901926 0.272118702392961
"964" -2.63312376529608 0.00292898102547479 2.06767887016812 1.81682967925730
"965" -0.343114774990075 2.27548709652526 1.85765168323662 1.55331406223914
"966" -1.27120600521936 1.84665454618986 0.0269460889396702 1.9955005486265
"967" -1.74905078742686 0.328439550915793 1.00333079398684 1.79012191513409
"968" 0.645450082381602 -1.04065418517685 2.68793956309877 3.17485500339938
"969" -0.986296203963344 0.55942078119735 0.807714190704275 2.21386459714991
"970" -1.00676302980766 3.21176669915600 1.16963488370383 1.42078078410094
"971" 0.741693989571952 4.3561358322534 1.58252380210495 1.79717406429707
"972" -1.60600753961669 0.57552702883136 1.05398336860241 1.15696551251957
"973" -0.0311395947683079 2.49335053556767 0.47300370265111 -0.120586144042035
"974" 0.110773581026183 4.58361043567721 1.86626307854126 -0.223427741102354
"975" -0.0232292953995664 0.621332320855503 1.60741292021354 1.46262543442677
"976" -1.35952442908225 0.109221203614840 1.21603475285844 2.15522290475664
"977" -1.80727342209727 2.05845588101079 0.101339066004515 2.15320745917702
"978" -1.18437062342095 1.09188125245116 1.82079672215212 1.32485344618924
"979" -0.583634971696133 0.502793697987339 1.55952261105194 1.42891868782105
"980" -1.61688342600371 0.873927987886306 1.50822237419739 1.87808241597076
"981" -0.526667950779991 0.945475266899385 0.926051887648168 2.06252033683861
"982" -0.0917563727131177 1.86638642377256 0.836643190264564 2.59464791138238
"983" 0.227710607524409 2.40177659284592 0.789710577288425 2.24487628205663
"984" 0.192160199017192 1.34655948320029 0.953408932927867 1.18769339798418
"985" 0.0322461586659897 1.46572851229358 1.08689841179850 3.20656739363195
"986" -1.81377607822898 1.07573719160237 -0.148557935250029 2.28687446207466
"987" -0.890984097746653 -0.464105013302004 0.790435424503644 3.92662422113362
"988" 0.685223433459056 2.95404493097124 -0.177127002766557 -0.454162419973049
"989" 0.334781266009614 2.8149039289168 2.06391391430406 2.00936632251135
"990" -1.39831379896564 1.17266364956411 0.695414396651338 2.65798567406244
"991" -2.11184347554802 0.0939426089713982 0.460733109736468 0.935248461908484
"992" -1.34867142731248 1.59250600424595 0.50378660623847 1.56649794143364
"993" -2.77166721825213 -0.818828775839932 -0.346840213747333 3.45273406132857
"994" -0.785588471338813 0.771047632236017 0.869488299372608 2.95875243102183
"995" -1.54103643122381 0.809538614968582 2.10479762474913 1.57715996593740
"996" -1.63009952461258 0.829771383325747 1.42746384334994 2.76268846683959
"997" 0.141369034372785 -0.00372866739711597 1.53522335815298 2.12263681432320
"998" -0.772586628129842 2.83871668472755 1.65409751261425 1.82143246529256
"999" 0.533248990376619 3.85143546171605 0.77511403180937 0.0468587950793853
"1000" -0.351261698854096 1.53015947609336 0.310925210793547 2.10556322000173
